# t(s) | 30带距离 [-14.5°..+14.5°] ('.'=无有效返回/inf)
   0.00 | . 5.6 5.6 5.5 5.5 5.5 5.5 5.5 5.5 5.5 5.4 5.4 5.4 5.4 5.4 5.4 5.4 5.4 5.4 5.5 5.5 5.5 5.5 5.4 5.4 3.7 3.7 3.2 3.2 3.2
...[静止 113.0s]
 114.07 | . 0.9 0.9 0.9 0.9 0.9 5.5 5.5 5.5 5.5 5.4 5.4 5.4 5.4 5.4 5.4 5.4 5.4 5.4 5.5 5.5 5.5 5.5 5.4 5.4 3.7 3.7 3.2 3.2 3.2
 114.18 | . 5.6 5.6 5.5 5.5 5.5 5.5 5.5 5.5 5.4 5.4 5.4 5.4 5.4 5.4 5.4 5.4 5.4 5.4 5.5 5.5 5.5 5.5 5.4 5.4 3.7 3.7 3.2 3.2 3.2
 114.28 | . 1.0 1.1 5.5 5.5 5.5 5.5 5.5 5.5 5.5 5.4 5.4 5.4 5.4 5.4 5.4 5.4 5.4 5.4 5.5 5.5 5.5 5.5 5.5 5.5 3.7 3.7 3.2 3.2 3.2
 114.38 | . 1.2 1.1 1.2 1.2 5.5 5.5 5.5 5.5 5.5 5.4 5.4 5.4 5.4 5.4 5.4 5.4 5.4 5.4 5.5 5.5 5.5 5.5 5.5 5.5 3.7 3.7 3.2 3.2 3.2
 114.48 | . 1.3 1.3 1.4 1.4 1.4 1.4 1.5 5.5 5.5 5.4 5.4 5.4 5.4 5.4 5.4 5.4 5.4 5.4 5.5 5.5 5.5 5.5 5.4 5.4 3.7 3.7 3.2 3.2 3.2
 114.58 | . 1.6 1.6 1.6 1.6 1.6 1.6 5.5 1.8 1.7 1.7 5.4 5.4 5.4 5.4 5.4 5.4 5.4 5.4 5.5 5.5 5.5 5.5 5.4 5.4 3.7 3.7 3.2 3.2 3.2
 114.68 | . 1.8 1.7 1.7 1.7 1.8 1.8 1.8 1.8 1.8 1.7 5.5 5.4 5.4 5.4 5.4 5.4 5.4 5.4 5.4 5.5 5.5 5.5 5.4 5.4 3.7 3.7 3.2 3.2 3.2
 114.79 | . 1.9 1.9 1.9 1.9 1.9 1.9 2.0 2.0 5.5 1.8 1.8 5.4 5.4 5.4 5.4 5.4 5.4 5.4 5.5 5.5 5.5 5.5 5.5 5.4 3.7 3.7 3.2 3.2 3.2
 114.88 | . 2.1 2.1 2.1 2.0 2.0 2.1 2.1 2.1 2.1 2.0 2.0 2.0 5.4 5.4 5.4 5.4 5.4 5.4 5.5 5.5 5.5 5.5 5.5 5.5 3.7 3.7 3.2 3.2 3.2
 114.98 | . 2.3 2.2 2.2 2.2 2.2 2.2 2.2 2.2 2.3 2.2 2.2 2.2 5.4 5.4 5.4 5.4 5.4 5.5 5.5 5.5 5.5 5.5 5.5 5.4 3.7 3.7 3.2 3.2 3.2
 115.09 | . 5.6 2.7 2.4 2.4 2.4 2.4 2.4 2.4 2.4 2.4 2.5 2.5 5.4 5.4 5.4 5.4 5.4 5.4 5.5 5.5 5.5 5.5 5.5 5.4 3.7 3.7 3.2 3.2 3.2
 115.18 | . 2.7 2.7 5.5 2.6 2.6 2.6 2.6 2.5 2.5 2.5 2.6 2.8 5.4 5.4 5.4 5.4 5.4 5.4 5.5 5.5 5.5 5.5 5.5 5.4 3.6 3.7 3.2 3.2 3.2
 115.28 | . 2.7 2.8 5.5 5.5 2.7 2.7 2.7 2.7 2.6 2.6 2.7 2.7 5.4 5.4 5.4 5.4 5.4 5.5 5.5 5.5 5.5 5.5 5.4 5.4 3.7 3.7 3.3 3.2 3.2
 115.39 | . 2.8 2.8 5.5 3.0 3.0 2.9 2.8 2.8 2.8 2.8 2.8 2.9 5.4 5.4 5.4 5.4 5.4 5.4 5.5 5.5 5.5 5.5 5.4 5.4 3.7 3.7 3.2 3.2 3.2
 115.49 | . 5.6 5.6 3.0 3.0 5.5 3.1 3.0 3.0 3.0 3.0 3.0 3.0 3.0 5.4 5.4 5.4 5.4 5.5 5.5 5.5 5.5 5.5 5.4 5.5 3.7 3.7 3.2 3.2 3.2
 115.59 | . 5.6 5.6 5.5 3.2 3.2 5.5 3.1 3.0 3.0 3.1 3.1 3.1 3.1 3.2 5.4 5.4 5.4 5.5 5.5 5.5 5.5 5.5 5.5 5.4 3.7 3.7 3.2 3.2 3.2
 115.69 | . 5.6 5.6 5.5 5.5 5.5 5.5 3.4 3.2 3.1 3.1 3.1 3.2 3.2 3.2 5.4 5.4 5.4 5.4 5.5 5.5 5.5 5.5 5.4 5.5 3.7 3.7 3.2 3.2 3.2
 115.79 | . 5.6 5.6 5.5 5.5 5.5 5.5 5.5 3.6 3.3 3.2 3.2 3.2 3.2 3.3 3.3 5.4 5.4 5.4 5.5 5.5 5.5 5.5 5.4 5.4 3.7 3.7 3.2 3.2 3.2
 115.90 | . 5.6 5.6 5.5 5.5 5.5 5.5 5.5 5.5 5.5 3.7 3.4 3.3 3.3 3.3 3.3 5.4 5.4 5.4 5.5 5.5 5.5 5.5 5.5 5.5 3.7 3.7 3.2 3.2 3.2
 115.99 | . 5.6 5.6 5.5 5.5 5.5 5.5 5.5 5.5 5.4 3.8 3.8 4.1 3.4 3.4 3.4 3.5 3.6 5.4 5.5 5.5 5.5 5.5 5.5 5.5 3.7 3.7 3.2 3.2 3.2
 116.09 | . 5.6 5.6 5.5 5.5 5.5 5.5 5.5 5.5 5.5 5.4 5.4 3.8 4.2 3.5 3.5 3.5 3.5 3.7 5.5 5.5 5.5 5.5 5.5 5.5 3.7 3.7 3.2 3.2 3.2
 116.19 | . 5.6 5.6 5.5 5.5 5.5 5.5 5.5 5.5 5.5 5.4 5.4 3.8 4.2 5.4 3.6 3.5 3.6 3.6 5.5 5.5 5.5 5.5 5.4 5.4 3.7 3.7 3.2 3.2 3.2
 116.29 | . 5.6 5.6 5.5 5.5 5.5 5.5 5.5 5.5 5.5 5.4 5.4 3.8 3.8 4.2 3.6 3.6 3.6 3.6 3.7 5.5 5.5 5.5 5.4 5.4 3.7 3.7 3.2 3.2 3.2
 116.39 | . 5.6 5.6 5.5 5.5 5.5 5.5 5.5 5.5 5.5 5.4 5.4 5.4 3.7 5.4 4.0 3.7 3.7 3.7 3.7 5.5 5.5 5.5 5.4 5.4 3.7 3.6 3.2 3.2 3.2
 116.51 | . 5.6 5.6 5.5 5.5 5.5 5.5 5.5 5.5 5.5 5.4 5.4 4.1 3.7 3.7 3.9 3.8 3.7 3.7 3.7 5.5 5.5 5.5 5.4 5.4 3.7 3.7 3.2 3.2 3.2
...[静止 0.2s]
 116.80 | . 5.6 5.6 5.5 5.5 5.5 5.5 5.5 5.5 5.5 5.4 3.8 3.8 3.6 3.5 3.8 3.7 3.6 3.6 3.7 5.5 5.5 5.5 5.5 5.4 3.7 3.7 3.2 3.2 3.2
 116.91 | . 5.6 5.5 5.5 5.5 5.5 5.5 5.5 5.5 5.5 5.4 3.7 3.8 5.4 3.5 3.7 3.7 3.6 3.6 3.7 5.5 5.5 5.5 5.5 5.5 3.7 3.7 3.2 3.2 3.2
 117.00 | . 5.6 5.6 5.5 5.5 5.5 5.5 5.5 5.5 5.5 5.4 3.7 5.4 5.4 3.7 3.4 3.6 3.6 3.6 3.7 5.5 5.5 5.5 5.4 5.4 3.7 3.7 3.2 3.2 3.2
 117.10 | . 5.6 5.6 5.5 5.5 5.5 5.5 5.5 5.5 5.5 3.6 3.6 5.4 5.4 3.6 3.4 3.6 3.6 3.6 5.5 5.5 5.5 5.5 5.4 5.4 3.7 3.6 3.2 3.2 3.2
 117.20 | . 5.6 5.6 5.5 5.5 5.5 5.5 5.5 5.5 5.4 3.5 5.4 3.6 3.6 3.6 3.5 3.4 3.4 5.5 5.5 5.5 5.5 5.5 5.5 5.5 3.7 3.7 3.2 3.2 3.2
 117.31 | . 5.6 5.6 5.5 5.5 5.5 5.5 5.5 5.5 3.4 3.4 5.4 3.5 3.5 3.5 3.4 3.5 3.4 5.5 5.5 5.5 5.5 5.5 5.4 5.4 3.7 3.7 3.2 3.2 3.2
 117.41 | . 5.6 5.6 5.5 5.5 5.5 5.5 5.5 5.5 3.3 5.4 3.5 3.4 3.4 3.4 3.4 5.4 3.4 3.4 5.5 5.5 5.5 5.5 5.4 5.4 3.7 3.7 3.3 3.2 3.2
 117.50 | . 5.6 5.6 5.5 5.5 5.5 5.5 5.5 3.2 3.2 3.4 3.4 3.4 3.4 3.3 3.3 5.4 3.4 3.5 5.5 5.5 5.5 5.5 5.5 5.5 3.7 3.7 3.2 3.2 3.2
 117.60 | . 5.6 5.6 5.5 5.5 5.5 5.5 5.5 3.1 3.1 3.3 3.3 3.3 3.3 3.3 3.3 3.4 3.4 5.5 5.5 5.5 5.5 5.5 5.5 5.5 3.7 3.7 3.2 3.2 3.2
 117.70 | . 5.6 5.6 5.5 5.5 5.5 5.5 5.5 5.5 3.0 3.2 3.2 3.2 3.2 3.2 3.2 3.3 3.3 5.4 5.4 5.5 5.5 5.5 5.4 5.4 3.7 3.7 3.2 3.2 3.2
 117.82 | . 5.6 5.6 5.5 5.5 5.5 5.5 5.5 5.5 2.8 3.1 3.1 3.1 3.1 3.1 3.1 3.2 5.4 5.4 5.5 5.5 5.5 5.5 5.4 5.4 3.7 3.7 3.2 3.2 3.2
 117.92 | . 5.6 5.6 5.5 5.5 5.5 5.5 5.5 5.5 2.7 2.8 3.0 3.0 3.0 3.0 3.0 3.1 5.4 5.4 5.5 5.5 5.5 5.5 5.4 5.5 3.7 3.7 3.2 3.2 3.2
 118.02 | . 5.6 5.5 5.6 5.5 5.5 5.5 5.5 2.6 2.6 2.9 2.9 2.9 3.0 3.0 3.0 3.0 5.4 5.5 5.5 5.5 5.5 5.5 5.5 5.4 3.7 3.7 3.2 3.2 3.2
 118.11 | . 5.6 5.6 5.5 5.5 5.5 5.5 5.5 2.5 2.5 2.8 2.9 2.9 2.9 2.9 2.9 3.0 5.4 5.4 5.5 5.5 5.5 5.5 5.4 5.4 3.7 3.7 3.2 3.2 3.2
 118.21 | . 5.6 5.6 5.5 5.5 5.5 5.5 5.5 2.4 2.4 2.8 2.8 2.8 2.8 2.8 2.8 2.9 5.4 5.4 5.5 5.5 5.5 5.5 5.4 5.4 3.7 3.7 3.2 3.2 3.2
 118.32 | . 5.6 5.6 5.5 5.5 5.5 5.5 5.5 2.3 2.7 2.7 2.7 2.7 2.7 2.7 2.7 2.9 5.4 5.5 5.5 5.5 5.5 5.5 5.4 5.4 3.7 3.7 3.2 3.2 3.2
 118.41 | . 5.6 5.6 5.5 5.5 5.5 5.5 5.5 2.2 2.6 2.6 2.6 2.6 2.6 2.6 2.7 5.4 5.4 5.4 5.5 5.5 5.5 5.5 5.4 5.5 3.7 3.7 3.2 3.2 3.2
 118.51 | . 5.6 5.6 5.5 5.5 5.5 5.5 2.3 2.2 2.5 2.5 2.6 2.6 2.6 2.6 2.7 5.4 5.4 5.5 5.5 5.5 5.5 5.5 5.4 5.4 3.7 3.7 3.2 3.2 3.2
 118.61 | . 5.6 5.6 5.5 5.5 5.5 5.5 2.5 2.1 2.5 2.5 2.5 2.5 2.5 2.5 2.6 5.4 5.4 5.4 5.5 5.5 5.5 5.5 5.4 5.4 3.7 3.7 3.2 3.2 3.2
 118.71 | . 5.6 5.6 5.5 5.5 5.5 2.5 2.3 2.1 2.1 2.4 2.4 2.4 2.4 2.4 2.5 5.4 5.4 5.4 5.4 5.5 5.5 5.5 5.5 5.5 3.7 3.7 3.2 3.2 3.2
...[静止 0.2s]
 119.02 | . 5.6 5.6 5.5 5.5 2.4 2.3 2.3 2.0 2.0 2.3 2.4 2.4 2.4 2.4 2.3 5.4 5.4 5.4 5.5 5.5 5.5 5.5 5.5 5.4 3.7 3.7 3.2 3.2 3.2
 119.12 | . 5.6 5.6 5.5 5.5 2.4 2.3 2.3 2.1 2.0 2.3 2.4 2.4 2.4 2.2 2.2 5.4 5.4 5.4 5.5 5.5 5.5 5.5 5.4 5.4 3.7 3.7 3.2 3.2 3.2
 119.22 | . 5.6 5.6 5.5 2.4 2.3 2.3 2.3 2.1 2.1 2.2 2.4 2.1 2.1 2.2 5.4 5.4 5.4 5.4 5.4 5.5 5.5 5.5 5.5 5.5 3.6 3.7 3.2 3.2 3.2
 119.32 | . 5.6 5.6 5.5 2.3 2.3 2.3 2.3 2.1 2.1 2.4 2.1 2.1 5.4 5.4 5.4 5.4 5.4 5.4 5.5 5.5 5.5 5.5 5.5 5.5 3.7 3.7 3.2 3.2 3.2
 119.42 | . 5.6 2.4 2.4 2.3 2.3 2.3 2.3 2.1 2.4 2.1 2.1 2.2 5.4 5.4 5.4 5.4 5.4 5.4 5.5 5.5 5.5 5.5 5.4 5.4 3.7 3.7 3.2 3.2 3.2
 119.53 | . 5.6 2.4 2.4 2.4 2.4 2.2 2.2 2.2 2.4 2.2 2.2 5.4 5.4 5.4 5.4 5.4 5.4 5.4 5.5 5.5 5.5 5.5 5.4 5.4 3.7 3.7 3.2 3.2 3.2
 119.62 | . 2.4 2.4 2.4 2.4 2.3 2.2 2.2 2.4 2.5 2.2 2.2 5.4 5.4 5.4 5.4 5.4 5.4 5.4 5.5 5.5 5.5 5.5 5.4 5.4 3.7 3.7 3.2 3.2 3.2
 119.73 | . 2.4 2.4 2.4 2.4 2.2 2.2 2.4 2.5 2.5 2.3 2.3 5.4 5.4 5.4 5.4 5.4 5.4 5.4 5.5 5.5 5.5 5.5 5.4 5.4 3.7 3.7 3.2 3.2 3.2
 119.82 | . 2.4 2.4 2.4 2.3 2.2 2.2 2.5 2.5 2.3 2.3 5.4 5.4 5.4 5.4 5.4 5.4 5.4 5.5 5.5 5.5 5.5 5.5 5.5 5.5 3.7 3.7 3.2 3.2 3.2
...[静止 0.1s]
 120.03 | . 2.4 2.4 2.4 2.3 2.2 2.3 2.5 2.4 2.3 2.4 5.4 5.4 5.4 5.4 5.4 5.4 5.4 5.4 5.5 5.5 5.5 5.5 5.4 5.5 3.7 3.7 3.3 3.2 3.2
...[静止 0.2s]
 120.33 | . 2.3 2.4 2.3 2.2 2.2 2.4 2.5 5.5 2.4 2.4 5.4 5.4 5.4 5.4 5.4 5.4 5.4 5.4 5.5 5.5 5.5 5.5 5.4 5.4 3.7 3.7 3.2 3.2 3.2
 120.43 | . 2.2 2.2 2.2 2.4 2.4 2.4 2.5 2.4 2.4 2.3 5.4 5.4 5.4 5.4 5.4 5.4 5.4 5.5 5.5 5.5 5.5 5.5 5.5 5.5 3.7 3.7 3.2 3.2 3.2
 120.53 | . 2.3 2.3 2.3 2.3 2.3 2.4 5.5 2.3 2.3 2.3 5.4 5.4 5.4 5.4 5.4 5.4 5.4 5.4 5.5 5.5 5.5 5.5 5.4 5.4 3.7 3.7 3.2 3.2 3.2
 120.64 | . 2.2 2.2 2.2 2.2 2.3 5.5 5.5 2.3 2.3 2.3 5.4 5.4 5.4 5.4 5.4 5.4 5.4 5.5 5.5 5.5 5.5 5.5 5.4 5.4 3.7 3.7 3.2 3.2 3.2
 120.73 | . 2.1 2.1 2.1 2.1 5.5 5.5 5.5 2.2 2.2 2.2 5.4 5.4 5.4 5.4 5.4 5.4 5.4 5.4 5.5 5.5 5.5 5.5 5.4 5.4 3.7 3.7 3.2 3.2 3.2
 120.84 | . 2.0 2.0 2.0 2.1 5.5 5.5 2.1 2.1 2.2 2.2 5.4 5.4 5.4 5.4 5.4 5.4 5.4 5.4 5.5 5.5 5.5 5.5 5.4 5.4 3.7 3.7 3.2 3.2 3.2
 120.93 | . 1.9 1.9 1.9 1.9 5.5 2.1 2.1 2.1 5.5 5.4 5.4 5.4 5.4 5.4 5.4 5.4 5.4 5.5 5.5 5.5 5.5 5.5 5.5 5.5 3.7 3.7 3.2 3.2 3.2
 121.03 | . 1.8 1.8 1.8 1.8 5.5 2.0 2.0 2.0 5.4 5.4 5.4 5.4 5.4 5.4 5.4 5.4 5.4 5.4 5.5 5.5 5.5 5.5 5.4 5.4 3.7 3.7 3.2 3.2 3.2
 121.13 | . 1.6 1.6 1.7 1.7 1.9 1.9 5.5 5.5 5.5 5.4 5.4 5.4 5.4 5.4 5.4 5.4 5.4 5.4 5.5 5.5 5.5 5.5 5.5 5.5 3.7 3.7 3.2 3.2 3.2
 121.24 | . 1.5 1.5 1.5 1.6 1.7 1.7 5.5 5.5 5.5 5.4 5.4 5.4 5.4 5.4 5.4 5.4 5.4 5.5 5.4 5.5 5.5 5.5 5.4 5.4 3.7 3.7 3.2 3.2 3.2
 121.34 | . 1.4 1.4 1.4 1.5 1.6 1.5 5.5 5.5 5.4 5.4 5.4 5.4 5.4 5.4 5.4 5.4 5.4 5.5 5.5 5.5 5.5 5.5 5.4 5.4 3.7 3.7 3.2 3.2 3.2
 121.44 | . 1.3 1.3 1.4 1.4 5.5 1.4 5.5 5.5 5.5 5.4 5.4 5.4 5.4 5.4 5.4 5.4 5.4 5.4 5.5 5.5 5.5 5.5 5.4 5.4 3.7 3.7 3.2 3.2 3.2
 121.54 | . 1.2 1.2 1.3 5.5 5.5 5.5 5.5 5.5 5.4 5.4 5.4 5.4 5.4 5.4 5.4 5.4 5.4 5.5 5.5 5.5 5.5 5.5 5.5 5.4 3.7 3.7 3.2 3.2 3.2
 121.64 | . 1.2 5.6 1.2 5.5 5.5 5.5 5.5 5.5 5.5 5.4 5.4 5.4 5.4 5.4 5.4 5.4 5.4 5.4 5.5 5.5 5.5 5.5 5.4 5.4 3.7 3.7 3.2 3.2 3.2
 121.74 | . 1.0 1.1 5.5 5.5 5.5 5.5 5.5 5.5 5.5 5.4 5.4 5.4 5.4 5.4 5.4 5.4 5.4 5.4 5.5 5.5 5.5 5.5 5.5 5.5 3.7 3.7 3.2 3.2 3.2
 121.85 | . 5.6 5.6 5.5 5.5 5.5 5.5 5.5 5.5 5.5 5.4 5.4 5.4 5.4 5.4 5.4 5.4 5.4 5.4 5.5 5.5 5.5 5.5 5.4 5.5 3.7 3.7 3.2 3.2 3.2
...[静止 14.7s]
 136.77 | . 1.0 1.0 5.5 5.5 5.5 5.5 5.5 5.5 5.5 5.4 5.4 5.4 5.4 5.4 5.4 5.4 5.4 5.5 5.5 5.5 5.5 5.5 5.4 5.4 3.7 3.7 3.2 3.2 3.2
...[静止 0.1s]
 136.97 | . 1.1 1.1 1.1 1.1 5.5 5.5 5.5 5.5 5.5 5.4 5.4 5.4 5.4 5.4 5.4 5.4 5.4 5.4 5.5 5.5 5.5 5.5 5.5 5.5 3.7 3.7 3.2 3.2 3.2
 137.07 | . 1.1 1.1 1.1 1.1 1.2 1.1 5.5 5.5 5.5 5.4 5.4 5.4 5.4 5.4 5.4 5.4 5.4 5.4 5.5 5.5 5.5 5.5 5.4 5.4 3.7 3.7 3.2 3.2 3.2
 137.17 | . 1.1 1.1 1.1 1.1 1.2 1.2 1.2 5.5 5.5 5.4 5.4 5.4 5.4 5.4 5.4 5.4 5.4 5.5 5.5 5.5 5.5 5.5 5.4 5.4 3.7 3.7 3.2 3.2 3.2
 137.27 | . 1.2 1.2 1.2 1.2 1.2 1.2 1.2 1.3 5.5 5.4 5.4 5.4 5.4 5.4 5.4 5.4 5.4 5.5 5.5 5.5 5.5 5.5 5.4 5.4 3.7 3.7 3.2 3.2 3.2
...[静止 0.1s]
 137.48 | . 1.3 1.2 1.2 1.2 1.3 1.3 1.3 1.3 1.8 1.8 1.8 1.8 1.8 2.0 5.4 5.4 5.4 5.4 5.5 5.5 5.5 5.5 5.4 5.5 3.7 3.7 3.2 3.2 3.2
 137.57 | . 1.3 1.3 1.3 1.3 1.3 1.3 1.3 1.3 1.9 1.9 1.9 1.9 1.9 1.9 5.4 5.4 5.4 5.4 5.5 5.5 5.5 5.5 5.5 5.5 3.7 3.7 3.2 3.2 3.2
 137.68 | . 1.4 1.3 1.3 1.3 1.4 1.4 1.4 1.9 1.9 1.9 1.9 1.9 1.9 1.9 5.4 5.4 5.4 5.5 5.5 5.5 5.5 5.5 5.5 5.5 3.7 3.7 3.2 3.2 3.2
 137.79 | . 1.4 1.4 1.4 1.4 1.4 1.4 1.4 1.5 1.9 1.9 1.9 1.9 1.9 1.9 5.4 5.4 5.4 5.5 5.5 5.5 5.5 5.5 5.4 5.4 3.7 3.7 3.2 3.2 3.2
...[静止 0.1s]
 137.99 | . 1.5 1.4 1.4 1.4 1.4 1.4 1.4 1.5 1.5 1.9 1.9 1.9 1.9 1.9 5.4 5.4 5.4 5.4 5.5 5.5 5.5 5.5 5.5 5.5 3.7 3.7 3.2 3.2 3.2
 138.08 | . 1.5 1.5 1.4 1.4 1.4 1.4 1.4 1.4 1.5 1.5 1.9 1.9 1.9 1.9 5.4 5.4 5.4 5.4 5.5 5.5 5.5 5.5 5.4 5.4 3.7 3.7 3.2 3.2 3.2
 138.19 | . 1.4 1.4 1.5 1.5 1.4 1.4 1.4 1.4 1.4 1.4 1.5 1.9 1.9 1.9 5.4 5.4 5.4 5.4 5.5 5.5 5.5 5.5 5.5 5.5 3.7 3.6 3.2 3.2 3.2
 138.28 | . 1.4 1.4 1.4 1.4 1.4 1.4 1.4 1.4 1.4 1.4 1.4 1.4 1.9 1.9 5.4 5.4 5.4 5.5 5.5 5.5 5.5 5.5 5.4 5.4 3.7 3.7 3.2 3.2 3.2
 138.38 | . 1.4 1.4 1.4 1.4 1.4 1.4 1.4 1.4 1.4 1.4 1.4 1.4 1.5 1.5 5.4 5.4 5.4 5.4 5.5 5.5 5.5 5.5 5.4 5.4 3.7 3.7 3.2 3.2 3.2
...[静止 0.2s]
 138.68 | . 1.3 1.3 1.3 1.3 1.3 1.3 1.3 1.3 1.4 1.4 1.4 1.4 1.4 1.4 5.4 5.4 5.4 5.4 5.5 5.5 5.5 5.5 5.5 5.4 3.7 3.7 3.2 3.2 3.2
 138.79 | . 1.2 1.2 1.2 1.2 1.2 1.2 1.3 1.3 1.2 1.4 1.4 1.4 1.4 1.4 5.4 5.4 5.4 5.4 5.5 5.5 5.5 5.5 5.5 5.5 3.7 3.7 3.3 3.2 3.2
 138.89 | . 1.2 1.2 1.2 1.2 1.2 1.2 1.2 1.2 1.2 1.2 1.4 1.4 1.9 2.0 5.4 5.4 5.4 5.5 5.4 5.5 5.5 5.5 5.5 5.4 3.7 3.7 3.2 3.2 3.2
 138.99 | . 1.1 1.1 1.1 1.1 1.1 1.1 1.1 1.1 1.2 1.2 1.9 1.9 1.9 1.9 5.4 5.4 5.4 5.4 5.5 5.5 5.5 5.5 5.4 5.4 3.7 3.7 3.2 3.2 3.2
...[静止 0.2s]
 139.29 | . 0.9 0.9 0.9 0.9 0.9 0.9 1.0 1.0 1.0 1.9 1.9 1.9 1.9 1.9 5.4 5.4 5.4 5.4 5.5 5.5 5.5 5.5 5.5 5.4 3.7 3.7 3.2 3.2 3.2
 139.39 | . 0.8 0.8 0.8 0.8 0.9 0.9 2.0 1.9 1.9 1.9 1.9 1.9 1.9 1.9 5.4 5.4 5.4 5.4 5.5 5.5 5.5 5.5 5.4 5.4 3.7 3.7 3.2 3.2 3.2
 139.49 | . 0.8 0.8 0.8 2.0 2.0 2.0 2.0 1.9 1.9 1.9 1.9 1.9 1.9 1.9 5.4 5.4 5.4 5.4 5.5 5.5 5.5 5.5 5.4 5.4 3.7 3.7 3.2 3.2 3.2
 139.59 | . 5.6 5.6 5.5 2.0 2.0 2.0 2.0 1.9 1.9 1.9 1.9 1.9 1.9 1.9 5.4 5.4 5.4 5.4 5.5 5.5 5.5 5.5 5.5 5.5 3.7 3.7 3.2 3.2 3.2
...[静止 38.5s]
 178.52 | . 1.1 5.6 5.5 2.0 2.0 2.0 2.0 1.9 2.0 1.9 1.9 1.9 1.9 1.9 5.4 5.4 5.4 5.4 5.5 5.5 5.5 5.5 5.4 5.4 3.7 3.7 3.2 3.2 3.2
 178.64 | . 1.2 1.2 1.2 2.0 2.0 2.0 2.0 2.0 1.9 1.9 1.9 1.9 1.9 2.0 5.4 5.4 5.4 5.4 5.5 5.5 5.5 5.5 5.5 5.5 3.7 3.7 3.2 3.2 3.2
 178.74 | . 1.2 1.3 1.3 1.3 2.0 2.0 2.0 2.0 1.9 1.9 1.9 1.9 1.9 1.9 5.4 5.4 5.4 5.4 5.5 5.5 5.5 5.5 5.5 5.5 3.7 3.7 3.2 3.2 3.2
 178.83 | . 1.3 1.3 1.4 1.4 2.0 2.0 2.0 2.0 1.9 1.9 1.9 1.9 1.9 1.9 5.4 5.4 5.4 5.4 5.5 5.5 5.5 5.5 5.5 5.5 3.7 3.7 3.3 3.2 3.2
 178.94 | . 1.4 1.4 1.5 1.5 2.0 1.8 1.8 1.8 1.9 1.9 1.9 1.9 1.9 2.0 5.4 5.4 5.4 5.5 5.5 5.5 5.5 5.5 5.5 5.5 3.7 3.7 3.2 3.2 3.2
...[静止 0.1s]
 179.13 | . 1.6 1.6 1.7 2.0 2.0 1.8 1.8 2.0 1.9 1.9 1.9 1.9 1.9 1.9 5.4 5.4 5.4 5.4 5.5 5.5 5.5 5.5 5.4 5.4 3.6 3.7 3.2 3.2 3.2
 179.23 | . 1.8 1.8 5.5 1.9 1.8 1.9 2.0 2.0 1.9 1.9 1.9 1.9 1.9 1.9 5.4 5.4 5.4 5.4 5.5 5.5 5.5 5.5 5.4 5.4 3.7 3.7 3.2 3.2 3.2
 179.33 | . 1.9 2.0 5.5 1.9 1.9 2.0 2.0 2.0 2.0 1.9 1.9 1.9 1.9 1.9 5.4 5.4 5.4 5.5 5.4 5.5 5.5 5.5 5.4 5.4 3.7 3.7 3.2 3.2 3.2
 179.43 | . 2.0 5.6 5.5 1.9 1.9 2.0 2.0 2.0 2.0 2.0 2.0 2.0 2.0 2.0 5.4 5.4 5.4 5.4 5.5 5.5 5.5 5.5 5.4 5.4 3.7 3.7 3.2 3.2 3.2
 179.53 | . 2.1 5.6 5.5 1.9 2.0 2.0 2.0 2.0 2.0 2.0 2.0 2.0 2.0 2.0 2.4 5.4 5.4 5.4 5.5 5.5 5.5 5.5 5.4 5.4 3.7 3.7 3.2 3.2 3.2
 179.63 | . 2.1 5.6 5.5 2.0 2.0 2.1 2.1 2.1 2.1 2.1 2.1 2.1 2.1 2.2 5.4 5.4 5.4 5.5 5.4 5.5 5.5 5.5 5.5 5.4 3.7 3.7 3.2 3.2 3.2
 179.74 | . 2.1 5.6 5.5 2.1 2.1 2.2 2.2 2.2 2.1 2.1 2.1 2.1 2.1 2.3 5.4 5.4 5.4 5.5 5.5 5.5 5.5 5.5 5.5 5.5 3.7 3.7 3.2 3.2 3.2
...[静止 0.1s]
 179.94 | . 2.2 2.2 5.5 2.2 2.2 2.3 2.3 2.3 2.3 2.3 2.3 2.3 2.3 2.4 5.4 5.4 5.4 5.5 5.5 5.5 5.5 5.5 5.4 5.4 3.7 3.7 3.2 3.2 3.2
 180.04 | . 2.3 2.3 5.5 2.3 2.3 2.3 2.4 2.4 2.4 2.4 2.4 2.4 2.4 2.6 5.4 5.4 5.4 5.5 5.5 5.5 5.5 5.5 5.5 5.4 3.7 3.7 3.2 3.2 3.2
 180.14 | . 2.4 2.4 2.4 5.5 2.4 2.4 2.5 2.5 2.5 2.4 2.4 2.4 2.5 2.7 5.4 5.4 5.4 5.5 5.5 5.5 5.5 5.5 5.5 5.5 3.7 3.7 3.2 3.2 3.2
 180.25 | . 2.4 2.4 2.5 5.5 2.5 2.5 2.6 2.6 2.6 2.5 2.5 2.5 2.6 2.9 5.4 5.4 5.4 5.4 5.5 5.5 5.5 5.5 5.4 5.4 3.7 3.7 3.3 3.2 3.2
 180.34 | . 2.5 2.5 2.5 2.6 2.7 2.6 2.6 2.7 2.7 2.6 2.6 2.6 2.6 3.0 5.4 5.4 5.4 5.4 5.4 5.5 5.5 5.5 5.4 5.4 3.7 3.7 3.2 3.2 3.2
 180.44 | . 2.5 2.5 2.5 2.6 5.5 2.7 2.7 2.8 2.7 2.7 2.7 2.7 2.7 5.4 5.4 5.4 5.4 5.4 5.5 5.5 5.5 5.5 5.5 5.4 3.7 3.7 3.2 3.2 3.2
 180.54 | . 2.6 2.6 2.6 2.6 2.7 2.7 2.7 2.9 2.8 2.8 2.8 2.8 2.8 5.4 5.4 5.4 5.4 5.4 5.4 5.5 5.5 5.5 5.4 5.4 3.7 3.7 3.2 3.2 3.2
 180.64 | . 2.7 2.6 2.6 2.6 2.7 2.8 2.8 2.9 2.9 2.9 2.9 2.9 2.9 5.4 5.4 5.4 5.4 5.5 5.5 5.5 5.5 5.5 5.5 5.5 3.7 3.7 3.2 3.2 3.2
 180.76 | . 2.8 2.7 2.7 2.7 2.7 3.0 2.9 3.0 3.0 3.0 3.0 3.0 3.0 5.4 5.4 5.4 5.4 5.4 5.5 5.5 5.5 5.5 5.5 5.5 3.7 3.7 3.2 3.2 3.2
 180.84 | . 2.8 2.8 2.7 2.7 2.8 2.8 3.0 3.0 3.1 3.1 3.1 3.1 3.1 5.4 5.4 5.4 5.4 5.4 5.5 5.5 5.5 5.5 5.4 5.4 3.7 3.7 3.2 3.2 3.2
 180.96 | . 2.9 2.8 2.8 2.8 2.8 2.8 3.1 3.1 3.2 3.2 3.2 3.2 3.2 5.4 5.4 5.4 5.4 5.4 5.5 5.5 5.5 5.5 5.5 5.5 3.7 3.7 3.2 3.2 3.2
 181.05 | . 3.0 2.9 2.9 2.9 2.9 2.9 3.2 3.2 3.3 3.3 3.3 3.3 3.4 5.4 5.4 5.4 5.4 5.4 5.5 5.5 5.5 5.5 5.4 5.4 3.7 3.7 3.2 3.2 3.2
 181.15 | . 3.0 3.0 3.0 2.9 3.0 3.0 3.4 3.3 3.5 3.5 3.5 3.5 3.5 5.4 5.4 5.4 5.4 5.4 5.5 5.5 5.5 5.5 5.4 5.4 3.7 3.7 3.3 3.2 3.2
 181.25 | . 3.1 3.1 3.0 3.0 3.1 3.1 3.1 3.4 3.6 3.6 3.6 3.6 3.7 5.4 5.4 5.4 5.4 5.5 5.5 5.5 5.5 5.5 5.5 5.5 3.7 3.7 3.2 3.2 3.2
 181.36 | . 3.2 3.2 3.2 3.1 3.1 3.1 3.1 3.5 3.7 3.7 3.6 3.6 3.8 5.4 5.4 5.4 5.4 5.4 5.5 5.5 5.5 5.5 5.4 5.4 3.7 3.7 3.2 3.2 3.2
 181.46 | . 5.6 3.2 3.2 3.2 3.1 3.1 3.2 3.2 3.6 3.7 3.7 3.7 3.9 5.4 5.4 5.4 5.4 5.4 5.5 5.5 5.5 5.5 5.4 5.4 3.7 3.7 3.2 3.2 3.2
 181.55 | . 5.6 3.3 3.3 3.2 3.2 3.2 3.2 3.2 3.6 3.8 3.8 3.8 3.8 5.4 5.4 5.4 5.4 5.5 5.5 5.5 5.5 5.5 5.4 5.4 3.7 3.7 3.2 3.2 3.2
 181.65 | . 5.6 5.6 3.3 3.3 3.2 3.2 3.2 3.2 3.7 3.8 3.8 3.8 3.9 5.4 5.4 5.4 5.4 5.4 5.5 5.5 5.5 5.5 5.4 5.4 3.7 3.7 3.2 3.2 3.2
...[静止 0.1s]
 181.85 | . 5.6 5.6 3.4 3.3 3.3 3.2 3.3 3.3 3.7 3.8 3.9 3.9 3.9 5.4 5.4 5.4 5.4 5.4 5.5 5.5 5.5 5.5 5.4 5.4 3.7 3.7 3.2 3.2 3.2
...[静止 0.2s]
 182.16 | . 5.6 5.6 3.4 3.4 3.3 3.3 3.3 3.3 3.9 3.8 4.0 4.0 4.0 5.4 5.4 5.4 5.4 5.4 5.5 5.5 5.5 5.5 5.4 5.4 3.7 3.7 3.2 3.2 3.2
...[静止 0.3s]
 182.56 | . 5.6 5.6 3.4 3.4 3.4 3.3 3.3 3.3 3.4 3.9 4.0 4.0 4.0 5.4 5.4 5.4 5.4 5.4 5.4 5.5 5.5 5.5 5.4 5.4 3.6 3.7 3.2 3.2 3.2
 182.66 | . 5.6 5.6 5.5 3.3 3.3 3.3 3.3 3.3 3.4 3.4 4.0 4.0 4.0 5.4 5.4 5.4 5.4 5.5 5.5 5.5 5.5 5.5 5.4 5.5 3.7 3.7 3.2 3.2 3.2
...[静止 0.2s]
 182.96 | . 5.6 5.5 3.5 3.3 3.2 3.3 3.3 3.3 3.3 3.9 4.0 4.0 4.0 5.4 5.4 5.4 5.4 5.4 5.5 5.5 5.5 5.5 5.4 5.4 3.7 3.7 3.2 3.2 3.2
 183.06 | . 3.4 3.5 3.3 3.3 3.2 3.3 3.3 3.3 3.4 3.9 4.0 4.0 4.0 5.4 5.4 5.4 5.4 5.5 5.4 5.5 5.5 5.5 5.4 5.4 3.7 3.7 3.2 3.2 3.2
 183.17 | . 3.3 5.5 3.3 3.2 3.2 3.3 3.3 3.3 3.4 4.0 4.0 4.0 4.0 5.4 5.4 5.4 5.4 5.5 5.5 5.5 5.5 5.5 5.5 5.4 3.7 3.7 3.2 3.2 3.2
 183.27 | . 3.3 5.5 3.3 3.2 3.2 3.3 3.3 3.3 3.9 3.9 4.0 4.0 4.0 5.4 5.4 5.4 5.4 5.5 5.5 5.5 5.5 5.5 5.4 5.4 3.7 3.7 3.2 3.2 3.2
 183.37 | . 5.6 5.6 3.3 3.2 3.2 3.3 3.3 3.3 3.9 3.9 4.0 4.0 4.0 5.4 5.4 5.4 5.4 5.4 5.5 5.5 5.5 5.5 5.4 5.4 3.7 3.7 3.2 3.2 3.2
 183.47 | . 5.6 3.3 3.3 3.2 3.2 3.2 3.3 3.3 3.9 3.9 4.0 4.0 4.0 5.4 5.4 5.4 5.4 5.4 5.5 5.5 5.5 5.5 5.5 5.5 3.7 3.7 3.2 3.2 3.2
...[静止 0.1s]
 183.67 | . 5.6 3.3 3.3 3.2 3.2 3.2 3.3 3.3 3.4 3.9 4.0 4.0 4.0 5.4 5.4 5.4 5.4 5.4 5.5 5.5 5.5 5.5 5.5 5.5 3.7 3.7 3.2 3.2 3.2
 183.77 | . 5.6 5.5 3.3 3.3 3.3 3.3 3.3 3.3 3.4 3.6 4.0 4.0 4.0 5.4 5.4 5.4 5.4 5.4 5.5 5.5 5.5 5.5 5.5 5.5 3.7 3.7 3.2 3.2 3.2
...[静止 0.1s]
 183.97 | . 5.6 5.6 3.4 3.4 3.3 3.3 3.3 3.3 3.4 3.4 3.5 4.0 4.0 5.4 5.4 5.4 5.4 5.4 5.5 5.5 5.5 5.5 5.4 5.4 3.7 3.7 3.2 3.2 3.2
 184.07 | . 5.6 5.6 3.4 3.4 3.4 3.3 3.3 3.3 3.4 3.3 4.0 4.0 4.0 5.4 5.4 5.4 5.4 5.4 5.5 5.5 5.5 5.5 5.4 5.4 3.7 3.7 3.3 3.2 3.2
 184.17 | . 5.6 5.6 3.5 3.4 3.3 3.3 3.3 3.3 3.2 3.2 4.0 4.0 4.0 5.4 5.4 5.4 5.4 5.4 5.5 5.5 5.5 5.5 5.4 5.4 3.7 3.7 3.2 3.2 3.2
 184.28 | . 5.6 5.6 3.4 3.3 3.3 3.2 3.2 3.1 3.9 3.9 4.0 4.0 4.0 5.4 5.4 5.4 5.4 5.4 5.5 5.5 5.5 5.5 5.4 5.4 3.7 3.7 3.2 3.2 3.2
 184.37 | . 5.6 5.6 3.4 3.2 3.1 3.1 3.2 3.9 3.9 3.9 4.0 4.0 4.0 5.4 5.4 5.4 5.4 5.5 5.5 5.5 5.5 5.5 5.4 5.4 3.7 3.7 3.2 3.2 3.2
 184.48 | . 5.6 5.6 3.1 3.1 3.2 3.1 3.3 3.9 3.9 3.9 4.0 4.0 4.0 5.4 5.4 5.4 5.4 5.4 5.5 5.5 5.5 5.5 5.4 5.4 3.7 3.7 3.2 3.2 3.2
 184.58 | . 5.6 3.1 3.1 3.1 3.1 3.1 3.3 3.9 3.9 3.9 4.0 4.0 4.0 5.4 5.4 5.4 5.4 5.4 5.5 5.5 5.5 5.5 5.4 5.4 3.7 3.7 3.3 3.2 3.2
 184.68 | . 3.1 3.0 3.0 3.0 3.0 3.1 3.3 3.9 3.9 3.9 4.0 4.0 4.0 5.4 5.4 5.4 5.4 5.4 5.5 5.5 5.5 5.5 5.5 5.5 3.7 3.7 3.2 3.2 3.2
 184.78 | . 3.0 2.9 2.9 2.9 3.0 3.0 3.1 3.9 3.9 3.9 4.0 4.0 4.0 5.4 5.4 5.4 5.4 5.5 5.5 5.5 5.5 5.5 5.4 5.4 3.7 3.7 3.2 3.2 3.2
 184.89 | . 2.9 2.8 2.9 2.9 2.9 2.9 3.0 3.1 3.9 4.0 4.0 4.0 4.0 5.4 5.4 5.4 5.4 5.4 5.5 5.5 5.5 5.5 5.5 5.4 3.7 3.7 3.3 3.2 3.2
 184.99 | . 2.8 2.8 2.8 2.8 2.8 2.9 2.9 2.9 3.9 3.9 4.0 4.0 4.0 5.4 5.4 5.4 5.4 5.4 5.5 5.5 5.5 5.5 5.4 5.4 3.7 3.7 3.2 3.2 3.2
 185.08 | . 2.8 2.8 2.8 2.8 2.8 2.7 2.7 2.8 3.9 3.9 4.0 4.0 4.0 5.4 5.4 5.4 5.4 5.5 5.5 5.5 5.5 5.5 5.4 5.4 3.7 3.7 3.2 3.2 3.2
 185.18 | . 2.7 2.7 2.7 2.7 2.7 2.6 2.6 2.7 3.9 4.0 4.0 4.0 4.0 5.4 5.4 5.4 5.4 5.4 5.5 5.5 5.5 5.5 5.4 5.4 3.7 3.7 3.2 3.2 3.2
 185.28 | . 2.6 2.6 2.6 2.5 2.5 2.5 2.5 2.5 3.9 3.9 4.0 4.0 4.0 5.4 5.4 5.4 5.4 5.4 5.5 5.5 5.5 5.5 5.5 5.5 3.7 3.7 3.2 3.2 3.2
 185.38 | . 2.4 2.4 2.4 2.4 2.4 2.4 2.3 2.3 2.4 3.9 4.0 4.0 4.0 5.4 5.4 5.4 5.4 5.5 5.5 5.5 5.5 5.5 5.5 5.4 3.7 3.7 3.2 3.2 3.2
 185.50 | . 2.3 2.3 2.3 2.2 2.2 2.2 2.2 2.2 2.2 2.3 4.0 4.0 4.0 5.4 5.4 5.4 5.4 5.4 5.5 5.5 5.5 5.5 5.4 5.5 3.7 3.7 3.2 3.2 3.2
 185.60 | . 2.1 2.1 2.1 2.1 2.1 2.1 2.1 2.1 2.1 2.1 4.0 4.0 4.0 5.4 5.4 5.4 5.4 5.5 5.4 5.5 5.5 5.5 5.5 5.4 3.7 3.7 3.2 3.2 3.2
 185.69 | . 1.9 1.9 1.9 2.0 2.0 2.0 2.0 2.0 2.0 2.0 4.0 4.0 4.0 5.4 5.4 5.4 5.4 5.4 5.5 5.5 5.5 5.5 5.5 5.4 3.7 3.7 3.2 3.2 3.2
 185.79 | . 1.8 1.8 1.8 1.8 1.9 1.9 1.9 1.9 1.9 1.9 4.0 4.0 4.0 5.4 5.4 5.4 5.4 5.4 5.4 5.5 5.5 5.5 5.5 5.5 3.7 3.7 3.2 3.2 3.2
 185.89 | . 1.7 1.7 1.7 1.7 1.7 1.7 1.7 1.7 1.8 1.8 4.0 4.0 4.0 5.4 5.4 5.4 5.4 5.4 5.5 5.5 5.5 5.5 5.5 5.4 3.7 3.7 3.2 3.2 3.2
 185.99 | . 1.5 1.5 1.5 1.5 1.5 1.5 1.5 1.5 1.7 3.9 4.0 4.0 4.0 5.4 5.4 5.4 5.4 5.5 5.5 5.5 5.5 5.5 5.5 5.5 3.7 3.7 3.2 3.2 3.2
 186.09 | . 1.4 1.4 1.3 1.3 1.3 1.3 1.4 1.4 3.9 3.9 4.0 4.0 4.0 5.4 5.4 5.4 5.4 5.4 5.5 5.5 5.5 5.5 5.5 5.5 3.7 3.7 3.2 3.2 3.2
 186.19 | . 1.2 1.2 1.2 1.2 1.2 1.3 5.5 3.9 3.9 4.0 4.0 4.0 4.0 5.4 5.4 5.4 5.4 5.4 5.5 5.5 5.5 5.5 5.5 5.4 3.7 3.7 3.2 3.2 3.2
 186.29 | . 1.0 1.0 1.1 1.1 5.5 5.5 5.5 3.9 3.9 3.9 4.0 4.0 4.0 5.4 5.4 5.4 5.4 5.4 5.5 5.5 5.5 5.5 5.4 5.4 3.7 3.7 3.2 3.2 3.2
 186.39 | . 0.9 1.1 5.5 5.5 5.5 5.5 5.5 3.9 3.9 3.9 4.0 4.0 4.0 5.4 5.4 5.4 5.4 5.4 5.5 5.5 5.5 5.5 5.5 5.5 3.7 3.7 3.2 3.2 3.2
 186.49 | . 5.6 5.6 5.5 5.5 5.5 5.5 5.5 3.9 3.9 3.9 4.0 4.0 4.0 5.4 5.4 5.4 5.4 5.4 5.5 5.5 5.5 5.5 5.4 5.5 3.7 3.7 3.2 3.2 3.2
...[静止 35.0s]
 221.90 | . 0.9 0.9 0.9 0.9 0.9 0.9 5.5 3.9 3.9 3.9 4.0 4.0 4.0 5.4 5.4 5.4 5.4 5.4 5.5 5.5 5.5 5.5 5.4 5.4 3.7 3.7 3.2 3.2 3.2
 222.00 | . 1.1 1.0 0.9 0.9 0.9 0.9 0.9 3.9 3.9 4.0 4.0 4.0 4.0 5.4 5.4 5.4 5.4 5.4 5.5 5.5 5.5 5.5 5.4 5.4 3.7 3.7 3.2 3.2 3.2
 222.11 | . 1.2 1.2 1.2 1.2 1.1 1.0 1.0 1.0 1.1 4.0 4.0 4.0 4.0 5.4 5.4 5.4 5.4 5.5 5.5 5.5 5.5 5.5 5.5 5.5 3.7 3.7 3.2 3.2 3.2
 222.20 | . 1.3 1.3 1.3 1.3 1.3 1.3 1.3 1.4 1.2 1.2 1.2 1.2 4.0 5.4 5.4 5.4 5.4 5.5 5.5 5.5 5.5 5.5 5.4 5.4 3.7 3.7 3.2 3.2 3.2
 222.30 | . 1.5 1.5 1.5 1.5 1.5 1.5 1.5 1.5 1.5 1.6 1.5 1.4 1.5 5.4 5.4 5.4 5.4 5.4 5.5 5.5 5.5 5.5 5.5 5.4 3.7 3.7 3.2 3.2 3.2
 222.40 | . 1.7 1.7 1.7 1.6 1.6 1.6 1.6 1.6 1.6 1.6 1.7 1.7 4.0 1.7 1.7 5.4 5.4 5.4 5.5 5.5 5.5 5.5 5.4 5.4 3.7 3.7 3.2 3.2 3.2
 222.50 | . 5.6 5.6 1.9 1.9 1.8 1.8 1.8 1.8 1.8 1.8 1.8 1.8 1.8 5.4 5.4 5.4 5.4 5.5 5.5 5.5 5.5 5.5 5.5 5.5 3.7 3.7 3.2 3.2 3.2
 222.61 | . 5.6 5.6 5.5 2.1 2.0 2.0 2.0 2.0 1.9 1.9 1.9 1.9 2.0 2.0 5.4 5.4 5.4 5.5 5.5 5.5 5.5 5.5 5.4 5.5 3.7 3.7 3.2 3.2 3.2
 222.70 | . 2.2 5.6 5.5 5.5 2.3 2.2 2.2 2.1 2.1 2.1 2.1 2.1 2.1 2.2 2.2 5.4 5.4 5.4 5.5 5.5 5.5 5.5 5.5 5.4 3.7 3.7 3.2 3.2 3.2
 222.80 | . 5.6 2.4 2.4 2.4 5.5 2.5 2.4 2.3 2.3 2.3 2.3 2.3 2.3 2.3 2.4 5.4 5.4 5.5 5.5 5.5 5.5 5.5 5.5 5.5 3.7 3.7 3.2 3.2 3.2
 222.90 | . 5.6 5.6 5.5 5.5 5.5 2.7 2.6 2.5 2.5 2.5 2.5 2.5 2.5 2.5 2.5 5.4 5.4 5.4 5.5 5.5 5.5 5.5 5.4 5.4 3.7 3.7 3.2 3.2 3.2
 223.01 | . 5.6 5.6 5.5 5.5 5.5 5.5 5.5 2.7 2.7 2.7 2.7 2.6 2.7 2.7 2.7 2.7 5.4 5.5 5.5 5.5 5.5 5.5 5.4 5.4 3.7 3.7 3.2 3.2 3.2
 223.11 | . 5.6 5.6 5.5 5.5 5.5 5.5 5.5 3.9 2.9 2.8 2.8 2.8 2.8 2.8 2.8 2.8 2.9 5.4 5.5 5.5 5.5 5.5 5.5 5.5 3.7 3.7 3.2 3.2 3.2
 223.22 | . 5.6 5.6 5.5 5.5 5.5 5.5 5.5 3.9 3.9 3.1 3.0 3.0 3.0 2.9 3.0 3.0 3.0 3.1 5.5 5.5 5.5 5.5 5.4 5.4 3.7 3.7 3.2 3.2 3.2
 223.31 | . 5.6 5.6 5.5 5.5 5.5 5.5 5.5 3.9 3.9 4.0 4.0 3.2 3.1 3.1 3.1 3.1 3.1 3.2 3.3 5.5 5.5 5.5 5.5 5.5 3.7 3.7 3.2 3.2 3.2
 223.41 | . 5.6 5.6 5.5 5.5 5.5 5.5 5.5 3.9 3.9 3.9 4.0 4.0 3.3 3.2 3.2 3.2 3.2 3.2 3.3 5.5 5.5 5.5 5.5 5.5 3.7 3.6 3.2 3.2 3.2
 223.51 | . 5.6 5.6 5.5 5.5 5.5 5.5 5.5 3.9 3.9 4.0 4.0 4.0 4.0 3.4 3.3 3.3 3.3 3.3 3.4 5.5 5.5 5.5 5.4 5.4 3.7 3.7 3.2 3.2 3.2
 223.61 | . 5.6 5.6 5.5 5.5 5.5 5.5 5.5 3.9 3.9 4.0 4.0 4.0 4.0 3.6 3.5 3.5 3.4 3.4 3.5 3.6 5.5 5.5 5.4 5.4 3.7 3.7 3.2 3.2 3.2
 223.71 | . 5.6 5.6 5.5 5.5 5.5 5.5 5.5 3.9 3.9 3.9 3.9 4.0 4.0 5.4 3.6 3.6 3.6 3.6 3.7 3.7 5.5 5.5 5.4 5.4 3.7 3.7 3.2 3.2 3.2
 223.81 | . 5.6 5.6 5.5 5.5 5.5 5.5 5.5 3.9 4.0 3.9 4.0 4.0 4.0 5.4 3.7 3.7 3.7 3.8 3.8 5.5 5.5 5.5 5.4 5.4 3.7 3.7 3.2 3.2 3.2
 223.92 | . 5.6 5.6 5.5 5.5 5.5 5.5 5.5 3.9 3.9 4.0 4.0 4.0 4.0 4.3 3.8 3.8 3.8 3.8 3.9 5.5 5.5 5.5 5.4 5.4 3.7 3.7 3.2 3.2 3.2
 224.01 | . 5.6 5.6 5.5 5.5 5.5 5.5 5.5 3.9 4.0 3.9 4.0 4.0 4.0 4.3 3.9 3.9 3.9 3.9 4.1 5.5 5.5 5.5 5.4 5.4 3.7 3.7 3.2 3.2 3.2
 224.12 | . 5.6 5.6 5.5 5.5 5.5 5.5 5.5 3.9 3.9 3.9 4.0 4.0 4.0 5.4 4.0 4.0 3.9 3.9 4.0 5.5 5.5 5.5 5.4 5.5 3.7 3.7 3.3 3.2 3.2
 224.23 | . 5.6 5.6 5.5 5.5 5.5 5.5 5.5 3.9 3.9 3.9 4.0 4.0 4.0 5.4 4.3 4.1 4.1 4.1 4.1 5.5 5.5 5.5 5.5 5.4 3.7 3.7 3.2 3.2 3.2
 224.32 | . 5.6 5.6 5.5 5.5 5.5 5.5 5.5 3.9 3.9 3.9 4.0 4.0 4.0 5.4 4.4 4.3 4.2 4.2 4.2 5.5 5.5 5.5 5.4 5.4 3.7 3.7 3.2 3.2 3.2
...[静止 0.3s]
 224.72 | . 5.6 5.6 5.5 5.5 5.5 5.5 5.5 3.8 3.8 3.8 3.8 3.9 3.9 5.4 4.3 4.3 4.3 4.3 5.5 5.5 5.5 5.5 5.4 5.4 3.7 3.7 3.2 3.2 3.2
...[静止 0.1s]
 224.93 | . 5.6 5.6 5.5 5.5 5.5 5.5 5.5 3.7 3.7 3.7 3.7 3.7 3.7 4.3 4.3 4.2 4.2 4.2 5.5 5.5 5.5 5.5 5.4 5.4 3.7 3.7 3.3 3.2 3.2
...[静止 0.1s]
 225.13 | . 5.6 5.6 5.5 5.5 5.5 5.5 5.5 3.5 3.5 3.5 3.6 3.6 3.6 3.6 4.2 4.2 4.2 4.2 5.5 5.5 5.5 5.5 5.5 5.5 3.7 3.7 3.3 3.2 3.2
 225.22 | . 5.6 5.6 5.5 5.5 5.5 5.5 5.5 3.5 3.5 3.5 3.5 3.5 3.5 3.5 4.1 4.1 4.1 5.4 5.5 5.5 5.5 5.5 5.4 5.4 3.7 3.7 3.2 3.2 3.2
 225.32 | . 5.6 5.6 5.5 5.5 5.5 5.5 5.5 3.4 3.4 3.4 3.4 3.4 3.4 3.5 4.1 4.1 5.4 5.5 5.5 5.5 5.5 5.5 5.4 5.4 3.7 3.7 3.3 3.2 3.2
 225.43 | . 5.6 5.6 5.5 5.5 5.5 5.5 5.5 3.3 3.3 3.3 3.3 3.4 3.4 3.4 4.0 5.4 5.4 5.4 5.5 5.5 5.5 5.5 5.4 5.4 3.7 3.7 3.2 3.2 3.2
...[静止 0.1s]
 225.64 | . 5.6 5.6 5.5 5.5 5.5 5.5 3.5 3.2 3.2 3.2 3.2 3.2 3.2 3.3 4.0 5.4 5.4 5.4 5.5 5.5 5.5 5.5 5.5 5.5 3.7 3.7 3.2 3.2 3.2
 225.73 | . 5.6 5.6 5.5 5.5 5.5 5.5 3.4 3.1 3.1 3.1 3.2 3.2 3.2 3.2 5.4 5.4 5.4 5.5 5.5 5.5 5.5 5.5 5.4 5.4 3.7 3.7 3.2 3.2 3.2
...[静止 0.1s]
 225.93 | . 5.6 5.6 5.5 5.5 5.5 5.5 3.2 3.0 3.0 3.0 3.0 3.0 3.1 3.1 5.4 5.4 5.4 5.4 5.5 5.5 5.5 5.5 5.5 5.5 3.7 3.7 3.2 3.2 3.2
...[静止 0.1s]
 226.13 | . 5.6 5.6 5.5 5.5 5.5 3.2 2.9 2.8 2.9 2.9 2.9 2.9 2.9 2.9 5.4 5.4 5.4 5.5 5.4 5.5 5.5 5.5 5.4 5.4 3.7 3.7 3.3 3.2 3.2
 226.23 | . 5.6 5.6 5.5 5.5 5.5 3.0 2.8 2.8 2.8 2.8 2.8 2.8 2.9 2.9 5.4 5.4 5.4 5.4 5.4 5.5 5.5 5.5 5.4 5.4 3.7 3.7 3.2 3.2 3.2
 226.33 | . 5.6 5.6 5.5 5.5 5.5 2.8 2.7 2.7 2.7 2.7 2.8 2.8 2.8 2.8 5.4 5.4 5.4 5.4 5.5 5.5 5.5 5.5 5.4 5.4 3.7 3.7 3.2 3.2 3.2
 226.43 | . 5.6 5.6 5.5 5.5 3.0 2.6 2.6 2.6 2.7 2.7 2.7 2.7 2.7 2.7 5.4 5.4 5.4 5.4 5.5 5.5 5.5 5.5 5.5 5.5 3.7 3.7 3.2 3.2 3.2
 226.54 | . 5.6 5.6 5.5 5.5 2.8 2.5 2.6 2.6 2.6 2.6 2.6 2.6 2.6 2.6 5.4 5.4 5.4 5.5 5.5 5.5 5.5 5.5 5.4 5.4 3.7 3.7 3.2 3.2 3.2
 226.64 | . 5.6 5.6 5.5 5.5 2.7 2.5 2.5 2.5 2.5 2.5 2.5 2.6 2.6 5.4 5.4 5.4 5.4 5.4 5.5 5.5 5.5 5.5 5.4 5.4 3.7 3.7 3.2 3.2 3.2
 226.74 | . 5.6 5.6 5.5 2.7 2.4 2.4 2.4 2.4 2.4 2.5 2.5 2.5 2.5 5.4 5.4 5.4 5.4 5.4 5.5 5.5 5.5 5.5 5.5 5.5 3.7 3.7 3.2 3.2 3.2
 226.84 | . 5.6 5.6 5.5 5.5 2.3 2.4 2.4 2.4 2.4 2.4 2.4 2.4 2.4 5.4 5.4 5.4 5.4 5.5 5.5 5.5 5.5 5.5 5.4 5.5 3.7 3.7 3.3 3.2 3.2
 226.94 | . 5.6 5.6 5.5 2.3 2.3 2.3 2.3 2.3 2.3 2.3 2.3 2.3 2.4 5.4 5.4 5.4 5.4 5.5 5.5 5.5 5.5 5.5 5.4 5.4 3.7 3.7 3.2 3.2 3.2
 227.04 | . 5.6 5.6 5.5 2.2 2.2 2.2 2.2 2.2 2.3 2.3 2.3 2.3 2.2 5.4 5.4 5.4 5.4 5.4 5.5 5.5 5.5 5.5 5.5 5.5 3.7 3.7 3.2 3.2 3.2
 227.15 | . 5.6 5.5 5.5 2.2 2.2 2.2 2.2 2.2 2.2 2.2 2.2 2.2 2.2 2.2 5.4 5.4 5.4 5.5 5.5 5.5 5.5 5.5 5.4 5.5 3.7 3.6 3.2 3.2 3.2
 227.24 | . 5.6 5.6 5.5 2.1 2.1 2.1 2.1 2.1 2.1 2.1 2.1 2.1 2.1 2.1 5.4 5.4 5.4 5.4 5.4 5.5 5.5 5.5 5.4 5.4 3.7 3.7 3.2 3.2 3.2
 227.34 | . 5.6 5.6 5.5 2.0 2.0 2.0 2.0 2.0 2.0 2.0 2.1 2.1 2.1 2.1 5.4 5.4 5.4 5.4 5.5 5.5 5.5 5.5 5.5 5.5 3.7 3.7 3.2 3.2 3.2
 227.44 | . 5.6 5.5 2.0 2.0 2.0 2.0 2.0 2.0 2.0 2.0 2.0 2.0 2.0 2.0 5.4 5.4 5.4 5.4 5.4 5.5 5.5 5.5 5.4 5.4 3.7 3.7 3.2 3.2 3.2
...[静止 0.1s]
 227.65 | . 5.6 2.2 1.9 1.9 1.9 1.9 1.9 1.9 1.9 1.9 1.9 2.0 2.0 1.9 5.4 5.4 5.4 5.4 5.5 5.5 5.5 5.5 5.4 5.4 3.7 3.7 3.2 3.2 3.2
...[静止 0.2s]
 227.95 | . 2.2 2.0 1.8 1.8 1.8 1.8 1.9 1.9 1.9 1.9 1.9 1.9 2.0 2.0 5.4 5.4 5.4 5.4 5.5 5.5 5.5 5.5 5.5 5.4 3.7 3.7 3.2 3.2 3.2
 228.05 | . 2.1 2.0 1.8 1.8 1.8 1.8 1.9 1.9 1.9 1.9 1.9 1.9 1.9 2.7 5.4 5.4 5.4 5.5 5.5 5.5 5.5 5.5 5.4 5.4 3.7 3.7 3.2 3.2 3.2
 228.15 | . 2.1 2.0 1.8 1.8 1.8 1.8 1.9 1.9 1.9 1.9 1.9 1.9 2.0 2.6 2.7 5.4 5.4 5.5 5.5 5.5 5.5 5.5 5.5 5.4 3.7 3.7 3.2 3.2 3.2
 228.25 | . 2.1 2.0 1.8 1.8 1.8 1.9 1.9 1.9 1.9 1.9 1.9 1.9 2.0 2.5 2.5 5.4 5.4 5.5 5.5 5.5 5.5 5.5 5.5 5.5 3.7 3.7 3.2 3.2 3.2
 228.35 | . 2.1 2.0 1.8 1.8 1.8 1.9 1.9 1.9 1.9 1.9 1.9 1.9 1.9 2.5 2.5 2.5 5.4 5.5 5.5 5.5 5.5 5.5 5.5 5.4 3.7 3.7 3.2 3.2 3.2
 228.45 | . 2.1 2.0 1.8 1.8 1.8 1.9 1.9 1.9 1.9 1.9 1.9 1.9 2.0 2.4 2.4 2.4 2.4 2.5 5.5 5.5 5.5 5.5 5.5 5.5 3.7 3.7 3.2 3.2 3.2
 228.55 | . 2.1 1.9 1.8 1.8 1.8 1.8 1.9 1.9 1.9 1.9 1.9 1.9 2.0 2.3 2.3 2.3 2.3 2.3 2.3 2.3 5.5 5.5 5.5 5.5 3.7 3.7 3.2 3.2 3.2
 228.65 | . 2.1 1.9 1.8 1.8 1.8 1.8 1.9 1.9 1.9 1.9 1.9 1.9 2.0 2.2 2.2 2.2 2.2 2.2 2.2 2.2 2.2 2.2 5.4 5.4 3.7 3.7 3.2 3.2 3.2
 228.77 | . 2.1 2.0 1.9 1.8 1.8 1.8 1.9 1.9 1.9 1.9 1.9 1.9 2.0 2.0 2.0 2.0 2.0 2.0 2.0 2.1 2.1 2.1 2.1 2.2 3.7 3.7 3.2 3.2 3.2
 228.86 | . 2.1 2.0 1.8 1.8 1.8 1.9 1.9 1.9 1.9 1.9 1.9 1.9 2.0 5.4 1.9 1.9 1.9 1.9 1.9 1.9 2.0 2.0 2.0 2.0 2.0 3.7 3.2 3.2 3.2
 228.96 | . 2.1 2.0 1.8 1.8 1.8 1.9 1.9 1.9 1.9 1.9 1.9 1.9 1.9 2.0 1.8 1.8 1.8 1.8 1.8 1.8 1.8 1.8 1.8 1.9 1.9 3.7 3.2 3.2 3.2
 229.06 | . 2.1 2.0 1.8 1.8 1.8 1.9 1.9 1.9 1.9 1.9 1.9 1.9 2.0 1.7 1.7 1.7 1.6 1.6 1.6 1.6 1.6 1.7 1.7 1.7 1.7 1.8 3.3 3.2 3.2
 229.16 | . 2.1 2.0 1.9 1.8 1.8 1.9 1.9 1.9 1.9 1.9 1.9 1.9 2.0 1.6 1.5 1.5 1.5 1.5 1.5 1.5 1.5 1.5 1.5 1.5 1.5 1.6 1.6 3.2 3.2
 229.26 | . 2.1 2.0 1.9 1.8 1.8 1.9 1.9 1.9 1.9 1.9 1.9 1.5 1.5 1.4 1.4 1.4 1.3 1.3 1.3 1.3 1.3 1.3 1.3 1.2 1.2 3.7 3.2 3.2 3.2
 229.36 | . 2.1 2.0 1.8 1.8 1.5 1.5 1.5 1.5 1.9 1.6 1.4 1.4 1.3 1.1 1.1 1.1 1.1 1.1 1.2 1.2 1.2 1.3 5.4 5.4 3.7 3.7 3.3 1.2 1.2
 229.46 | . 1.4 1.4 1.9 1.8 1.9 1.8 1.2 1.2 1.1 1.1 1.0 1.0 1.0 1.0 1.0 1.0 1.0 1.1 1.1 5.5 5.5 5.5 5.4 5.4 3.7 3.7 1.2 1.1 1.1
 229.56 | . 1.0 1.0 0.9 0.9 0.9 0.9 0.9 0.9 0.9 0.9 0.9 0.9 0.9 1.0 1.0 5.4 5.4 5.4 5.5 5.5 1.0 1.0 1.0 1.0 1.0 3.7 3.2 3.2 3.2
 229.66 | . 0.8 0.8 0.8 0.8 0.8 0.8 0.8 0.8 0.8 0.8 0.7 0.7 0.7 0.8 0.8 5.4 5.4 5.5 5.5 5.5 5.5 5.5 5.4 5.4 3.7 3.7 3.2 3.2 3.2
 229.77 | . 0.7 0.7 0.7 0.7 0.8 0.8 1.9 1.9 1.9 1.9 1.9 1.9 1.9 2.0 5.4 5.4 5.4 5.4 5.5 5.5 5.5 5.5 5.4 5.4 3.7 3.7 3.2 3.2 3.2
 229.86 | . 2.1 2.0 1.9 1.8 1.8 1.8 1.9 1.9 1.9 1.9 1.9 1.9 1.9 5.4 5.4 5.4 5.4 5.5 5.4 5.5 5.5 5.5 5.4 5.4 3.7 3.7 3.2 3.2 3.2
...[静止 0.1s]
 230.07 | . 2.1 2.0 1.8 1.8 1.8 1.9 1.9 1.9 1.9 1.9 1.9 2.0 2.0 2.0 5.4 5.4 5.4 5.4 5.5 5.5 5.5 5.5 5.5 5.4 3.7 3.7 3.2 3.2 3.2
...[静止 0.1s]
 230.27 | . 2.1 2.0 1.8 1.8 1.8 1.8 1.9 1.9 1.9 1.9 1.9 1.9 2.0 5.4 5.4 5.4 5.4 5.4 5.4 5.5 5.5 5.5 5.5 5.5 3.7 3.7 3.3 3.2 3.2
...[静止 0.1s]
 230.47 | . 2.1 2.0 1.8 1.8 1.8 1.9 1.9 1.9 1.9 1.9 1.9 1.9 2.0 2.0 5.4 5.4 5.4 5.5 5.5 5.5 5.5 5.5 5.4 5.4 3.7 3.7 3.2 3.2 3.2
...[静止 0.1s]
 230.67 | . 2.1 1.9 1.8 1.8 1.8 1.9 1.9 1.9 1.9 1.9 1.9 2.0 2.0 5.4 5.4 5.4 5.4 5.4 5.5 5.5 5.5 5.5 5.5 5.4 3.7 3.7 3.2 3.2 3.2
...[静止 0.1s]
 230.87 | . 2.1 2.0 1.8 1.8 1.8 1.9 1.9 1.9 1.9 1.9 1.9 1.9 2.0 2.0 5.4 5.4 5.4 5.5 5.5 5.5 5.5 5.5 5.5 5.5 3.7 3.7 3.2 3.2 3.2
...[静止 0.1s]
 231.07 | . 2.1 2.0 1.8 1.8 1.8 1.9 1.9 1.9 1.9 1.9 1.9 1.9 2.0 5.4 5.4 5.4 5.4 5.5 5.5 5.5 5.5 5.5 5.4 5.4 3.7 3.7 3.2 3.2 3.2
...[静止 0.2s]
 231.39 | . 2.1 2.0 1.8 1.8 1.8 1.9 1.9 1.9 1.9 1.9 1.9 1.9 1.9 2.0 5.4 5.4 5.4 5.4 5.5 5.5 5.5 5.5 5.4 5.4 3.7 3.7 3.2 3.2 3.2
 231.48 | . 2.1 2.0 1.8 1.8 1.8 1.9 1.9 1.9 1.9 1.9 1.9 1.9 2.0 5.4 5.4 5.4 5.4 5.4 5.5 5.5 5.5 5.5 5.5 5.5 3.7 3.7 3.2 3.2 3.2
...[静止 0.1s]
 231.68 | . 2.1 2.0 1.8 1.8 1.8 1.9 1.9 1.9 1.9 1.9 1.9 2.0 1.9 2.0 5.4 5.4 5.4 5.4 5.5 5.5 5.5 5.5 5.4 5.4 3.7 3.7 3.2 3.2 3.2
 231.78 | . 2.1 1.9 1.8 1.8 1.8 1.9 1.9 1.9 1.9 1.9 1.9 1.9 2.0 5.4 5.4 5.4 5.4 5.4 5.5 5.5 5.5 5.5 5.4 5.4 3.7 3.7 3.2 3.2 3.2
...[静止 0.2s]
 232.08 | . 2.1 2.0 1.8 1.8 1.8 1.9 1.9 1.9 1.9 1.9 1.9 1.9 2.0 2.0 5.4 5.4 5.4 5.4 5.5 5.5 5.5 5.5 5.5 5.5 3.7 3.7 3.2 3.2 3.2
 232.18 | . 2.1 2.0 1.8 1.8 1.8 1.9 1.9 1.9 1.9 1.9 1.9 1.9 2.0 5.4 5.4 5.4 5.4 5.5 5.4 5.5 5.5 5.5 5.4 5.4 3.7 3.7 3.3 3.2 3.2
...[静止 0.1s]
 232.40 | . 2.1 2.0 1.9 1.8 1.8 1.9 1.9 1.9 1.9 1.9 1.9 1.9 1.9 2.0 5.4 5.4 5.4 5.4 5.5 5.5 5.5 5.5 5.4 5.4 3.7 3.7 3.2 3.2 3.2
...[静止 0.2s]
 232.69 | . 2.1 2.0 1.8 1.8 1.8 1.9 1.9 1.9 1.9 1.9 1.9 1.9 2.0 5.4 5.4 5.4 5.4 5.4 5.5 5.5 5.5 5.5 5.4 5.4 3.7 3.7 3.2 3.2 3.2
...[静止 0.1s]
 232.89 | . 2.1 2.0 1.9 1.8 1.8 1.9 1.9 1.9 1.9 1.9 1.9 1.9 2.0 2.0 5.4 5.4 5.4 5.4 5.5 5.5 5.5 5.5 5.5 5.4 3.7 3.7 3.2 3.2 3.2
...[静止 0.1s]
 233.09 | . 2.1 2.0 1.8 1.8 1.8 1.9 1.9 1.9 1.9 1.9 1.9 1.9 1.9 5.4 5.4 5.4 5.4 5.4 5.5 5.5 5.5 5.5 5.4 5.4 3.7 3.7 3.2 3.2 3.2
 233.19 | . 2.1 2.0 1.8 1.8 1.8 1.9 1.9 1.9 1.9 1.9 1.9 1.9 2.0 2.0 5.4 5.4 5.4 5.4 5.5 5.5 5.5 5.5 5.5 5.5 3.7 3.7 3.2 3.2 3.2
 233.29 | . 2.1 2.0 1.8 1.8 1.8 1.9 1.9 1.9 1.9 1.9 1.9 1.9 1.9 5.4 5.4 5.4 5.4 5.4 5.5 5.5 5.5 5.5 5.5 5.5 3.7 3.7 3.2 3.2 3.2
 233.39 | . 2.1 2.0 1.8 1.8 1.8 1.9 1.9 1.9 1.9 1.9 1.9 2.0 2.0 2.0 5.4 5.4 5.4 5.5 5.5 5.5 5.5 5.5 5.5 5.5 3.7 3.7 3.2 3.2 3.2
...[静止 0.3s]
 233.81 | . 2.1 2.0 1.8 1.8 1.8 1.9 1.9 1.9 1.9 1.9 1.9 1.9 2.0 5.4 5.4 5.4 5.4 5.4 5.5 5.5 5.5 5.5 5.5 5.4 3.7 3.7 3.2 3.2 3.2
...[静止 0.1s]
 234.00 | . 2.1 2.0 1.9 1.8 1.8 1.8 1.9 1.9 1.9 1.9 1.9 1.9 1.9 2.0 5.4 5.4 5.4 5.5 5.5 5.5 5.5 5.5 5.4 5.4 3.6 3.7 3.2 3.2 3.2
...[静止 0.2s]
 234.31 | . 2.1 2.0 1.9 1.8 1.8 1.9 1.9 1.9 1.9 1.9 1.9 1.9 2.0 5.4 5.4 5.4 5.4 5.4 5.5 5.5 5.5 5.5 5.5 5.5 3.7 3.7 3.2 3.2 3.2
...[静止 0.1s]
 234.50 | . 2.1 2.0 1.9 1.8 1.8 1.9 1.9 1.9 1.9 1.9 1.9 1.9 1.9 2.0 5.4 5.4 5.4 5.4 5.5 5.5 5.5 5.5 5.4 5.4 3.7 3.7 3.2 3.2 3.2
 234.62 | . 2.1 1.9 1.8 1.8 1.8 1.9 1.9 1.9 1.9 1.9 1.9 1.9 2.0 5.4 5.4 5.4 5.4 5.5 5.5 5.5 5.5 5.5 5.5 5.4 3.7 3.7 3.2 3.2 3.2
 234.71 | . 2.1 2.0 1.8 1.8 1.8 1.9 1.9 1.9 1.9 1.9 1.9 1.9 2.0 2.0 5.4 5.4 5.4 5.5 5.5 5.5 5.5 5.5 5.4 5.4 3.7 3.7 3.2 3.2 3.2
 234.81 | . 2.1 2.0 1.9 1.8 1.8 1.8 1.9 1.9 1.9 1.9 1.9 1.9 2.0 5.4 5.4 5.4 5.4 5.4 5.5 5.5 5.5 5.5 5.4 5.4 3.7 3.7 3.2 3.2 3.2
...[静止 0.1s]
 235.02 | . 2.1 2.0 1.8 1.8 1.8 1.9 1.9 1.9 1.9 1.9 1.9 1.9 1.9 2.0 5.4 5.4 5.4 5.4 5.5 5.5 5.5 5.5 5.4 5.4 3.7 3.7 3.2 3.2 3.2
...[静止 0.5s]
 235.62 | . 2.1 2.0 1.9 1.8 1.8 1.9 1.9 1.9 1.9 1.9 1.9 1.9 2.0 5.4 5.4 5.4 5.4 5.4 5.5 5.5 5.5 5.5 5.4 5.5 3.7 3.7 3.2 3.2 3.2
 235.71 | . 2.1 2.0 1.9 1.8 1.8 1.9 1.9 1.9 1.9 1.9 1.9 1.9 2.0 2.0 5.4 5.4 5.4 5.4 5.5 5.5 5.5 5.5 5.5 5.5 3.7 3.7 3.2 3.2 3.2
 235.81 | . 2.1 2.0 1.8 1.8 1.8 1.9 1.9 1.9 1.9 1.9 1.9 1.9 2.0 5.4 5.4 5.4 5.4 5.4 5.5 5.5 5.5 5.5 5.5 5.4 3.7 3.7 3.2 3.2 3.2
...[静止 0.2s]
 236.12 | . 2.1 2.0 1.9 1.8 1.8 1.9 1.9 1.9 1.9 1.9 1.9 1.9 1.9 2.0 5.4 5.4 5.4 5.4 5.5 5.5 5.5 5.5 5.4 5.4 3.7 3.7 3.2 3.2 3.2
 236.23 | . 2.1 2.0 1.9 1.8 1.8 1.9 1.9 1.9 1.9 1.9 1.9 1.9 2.0 5.4 5.4 5.4 5.4 5.5 5.5 5.5 5.5 5.5 5.4 5.4 3.7 3.7 3.2 3.2 3.2
 236.32 | . 2.1 2.0 1.8 1.8 1.8 1.9 1.9 1.9 1.9 1.9 1.9 1.9 1.9 2.0 5.4 5.4 5.4 5.4 5.5 5.5 5.5 5.5 5.4 5.4 3.7 3.7 3.2 3.2 3.2
...[静止 0.2s]
 236.62 | . 2.2 2.0 1.8 1.8 1.9 1.9 1.9 1.9 1.9 1.9 1.9 1.9 2.0 5.4 5.4 5.4 5.4 5.5 5.5 5.5 5.5 5.5 5.5 5.4 3.7 3.7 3.2 3.2 3.2
 236.72 | . 2.1 2.0 1.8 1.8 1.8 1.9 1.9 1.9 1.9 1.9 1.9 1.9 1.9 2.0 5.4 5.4 5.4 5.4 5.5 5.5 5.5 5.5 5.4 5.4 3.7 3.7 3.2 3.2 3.2
 236.82 | . 2.1 2.0 1.8 1.8 1.8 1.8 1.9 1.9 1.9 1.9 1.9 1.9 2.0 5.4 5.4 5.4 5.4 5.5 5.5 5.5 5.5 5.5 5.4 5.4 3.7 3.7 3.2 3.2 3.2
 236.93 | . 2.1 2.0 1.8 1.8 1.8 1.9 1.9 1.9 1.9 1.9 1.9 1.9 1.9 2.0 5.4 5.4 5.4 5.5 5.5 5.5 5.5 5.5 5.4 5.4 3.7 3.7 3.2 3.2 3.2
...[静止 0.3s]
 237.33 | . 2.1 2.0 1.8 1.8 1.8 1.9 1.9 1.9 1.9 1.9 1.9 1.9 2.0 5.4 5.4 5.4 5.4 5.4 5.5 5.5 5.5 5.5 5.4 5.4 3.7 3.7 3.2 3.2 3.2
 237.43 | . 2.1 2.0 1.8 1.8 1.8 1.9 1.9 1.9 1.9 1.9 1.9 1.9 1.9 2.0 5.4 5.4 5.4 5.4 5.5 5.5 5.5 5.5 5.4 5.5 3.7 3.7 3.2 3.2 3.2
 237.54 | . 2.2 2.0 1.9 1.8 1.8 1.9 1.9 1.9 1.9 1.9 1.9 1.9 2.0 5.4 5.4 5.4 5.4 5.4 5.5 5.5 5.5 5.5 5.4 5.4 3.7 3.7 3.2 3.2 3.2
 237.63 | . 2.1 2.0 1.8 1.8 1.8 1.9 1.9 1.9 1.9 1.9 1.9 1.9 2.0 2.0 5.4 5.4 5.4 5.4 5.5 5.5 5.5 5.5 5.4 5.4 3.6 3.7 3.2 3.2 3.2
 237.73 | . 2.2 1.9 1.8 1.8 1.8 1.9 1.9 1.9 1.9 1.9 1.9 1.9 2.0 5.4 5.4 5.4 5.4 5.5 5.5 5.5 5.5 5.5 5.5 5.5 3.7 3.7 3.2 3.2 3.2
...[静止 0.2s]
 238.04 | . 2.1 2.0 1.9 1.8 1.8 1.9 1.9 1.9 1.9 1.9 1.9 1.9 1.9 2.0 5.4 5.4 5.4 5.4 5.5 5.5 5.5 5.5 5.4 5.4 3.7 3.7 3.2 3.2 3.2
 238.13 | . 2.1 2.0 1.9 1.8 1.8 1.8 1.9 1.9 1.9 1.9 1.9 1.9 2.0 5.4 5.4 5.4 5.4 5.5 5.5 5.5 5.5 5.5 5.4 5.4 3.7 3.7 3.2 3.2 3.2
 238.24 | . 2.1 2.0 1.8 1.8 1.8 1.9 1.9 1.9 1.9 1.9 1.9 2.0 2.0 2.0 5.4 5.4 5.4 5.4 5.5 5.5 5.5 5.5 5.4 5.4 3.7 3.7 3.2 3.2 3.2
 238.34 | . 2.2 2.0 1.8 1.8 1.8 1.8 1.9 1.9 1.9 1.9 1.9 2.0 2.0 5.4 5.4 5.4 5.4 5.4 5.5 5.5 5.5 5.5 5.4 5.4 3.7 3.7 3.2 3.2 3.2
 238.44 | . 2.1 2.0 1.9 1.8 1.8 1.8 1.9 1.9 1.9 1.9 1.9 1.9 1.9 2.0 5.4 5.4 5.4 5.5 5.5 5.5 5.5 5.5 5.4 5.4 3.7 3.7 3.2 3.2 3.2
...[静止 0.3s]
 238.85 | . 2.1 2.0 1.8 1.8 1.8 1.9 1.9 1.9 1.9 1.9 1.9 1.9 2.0 5.4 5.4 5.4 5.4 5.5 5.5 5.5 5.5 5.5 5.4 5.4 3.7 3.7 3.2 3.2 3.2
 238.94 | . 2.1 2.0 1.9 1.8 1.8 1.8 1.9 1.9 1.9 1.9 1.9 1.9 1.9 2.0 5.4 5.4 5.4 5.5 5.5 5.5 5.5 5.5 5.5 5.5 3.7 3.7 3.2 3.2 3.2
 239.04 | . 1.1 1.9 1.8 1.8 1.8 1.8 1.9 1.9 1.9 1.9 1.9 1.9 1.9 5.4 5.4 5.4 5.4 5.5 5.5 5.5 5.5 5.5 5.4 5.4 3.7 3.7 3.2 3.2 3.2
 239.14 | . 1.1 1.8 1.8 1.8 1.8 1.8 1.8 1.8 1.9 1.9 1.9 1.9 1.9 5.4 5.4 5.4 5.4 5.4 5.5 5.5 5.5 5.5 5.5 5.5 3.7 3.7 3.2 3.2 3.2
 239.24 | . 1.1 1.7 1.7 1.7 1.7 1.7 1.8 1.8 1.8 1.8 1.8 1.8 5.4 5.4 5.4 5.4 5.4 5.4 5.5 5.5 5.5 5.5 5.5 5.5 3.7 3.7 3.2 3.2 3.2
 239.35 | . 1.6 1.6 1.7 1.7 1.7 1.7 1.7 1.7 1.7 5.4 5.4 5.4 5.4 5.4 5.4 5.4 5.4 5.4 5.5 5.5 5.5 5.5 5.5 5.5 3.7 3.7 3.2 3.2 3.2
 239.46 | . 1.6 1.6 1.6 1.6 1.6 5.5 5.5 5.5 5.5 5.4 5.4 5.4 5.4 5.4 5.4 5.4 5.4 5.4 5.5 5.5 5.5 5.5 5.5 5.5 3.7 3.7 3.2 3.2 3.2
 239.55 | . 1.5 5.6 5.5 5.5 5.5 5.5 5.5 5.5 5.5 5.4 5.4 5.4 5.4 5.4 5.4 5.4 5.4 5.5 5.5 5.5 5.5 5.5 5.4 5.4 3.7 3.7 3.2 3.2 3.2
 239.65 | . 5.6 5.6 5.5 5.5 5.5 5.5 5.5 5.5 5.5 5.4 5.4 5.4 5.4 5.4 5.4 5.4 5.4 5.4 5.5 5.5 5.5 5.5 5.4 5.4 3.7 3.7 3.2 3.2 3.2
...[静止 8.1s]
 247.93 | . 1.0 1.0 5.5 5.5 5.5 5.5 5.5 5.5 5.5 5.4 5.4 5.4 5.4 5.4 5.4 5.4 5.4 5.5 5.5 5.5 5.5 5.5 5.5 5.5 3.7 3.7 3.2 3.2 3.2
 248.02 | . 0.9 0.9 1.0 1.0 5.5 5.5 5.5 5.5 5.5 5.4 5.4 5.4 5.4 5.4 5.4 5.4 5.4 5.4 5.5 5.5 5.5 5.5 5.4 5.5 3.7 3.7 3.2 3.2 3.2
 248.12 | . 1.0 1.0 1.0 1.1 1.1 5.5 5.5 5.5 5.5 5.4 5.4 5.4 5.4 5.4 5.4 5.4 5.4 5.5 5.5 5.5 5.5 5.5 5.4 5.4 3.7 3.7 3.2 3.2 3.2
...[静止 0.2s]
 248.42 | . 1.2 1.2 1.2 1.2 1.7 5.5 5.5 5.5 5.5 5.4 5.4 5.4 5.4 5.4 5.4 5.4 5.4 5.4 5.5 5.5 5.5 5.5 5.5 5.5 3.7 3.7 3.2 3.2 3.2
 248.52 | . 1.2 1.2 1.2 1.2 1.8 1.8 5.5 5.5 5.4 5.4 5.4 5.4 5.4 5.4 5.4 5.4 5.4 5.5 5.5 5.5 5.5 5.5 5.4 5.4 3.7 3.7 3.2 3.2 3.2
...[静止 0.1s]
 248.73 | . 1.2 1.2 1.3 1.3 1.8 5.5 5.5 5.5 5.5 5.4 5.4 5.4 5.4 5.4 5.4 5.4 5.4 5.5 5.5 5.5 5.5 5.5 5.5 5.4 3.7 3.7 3.2 3.2 3.2
...[静止 0.1s]
 248.93 | . 1.2 1.2 1.2 1.2 1.3 5.5 5.5 5.5 5.4 5.4 5.4 5.4 5.4 5.4 5.4 5.4 5.4 5.5 5.5 5.5 5.5 5.5 5.4 5.4 3.7 3.7 3.2 3.2 3.2
 249.04 | . 1.1 1.2 1.2 1.2 1.2 1.2 5.5 5.5 5.5 5.4 5.4 5.4 5.4 5.4 5.4 5.4 5.4 5.4 5.5 5.5 5.5 5.5 5.4 5.4 3.7 3.7 3.2 3.2 3.2
 249.13 | . 1.1 1.1 1.1 1.1 1.1 1.1 1.2 1.1 5.5 5.4 5.4 5.4 5.4 5.4 5.4 5.4 5.4 5.4 5.5 5.5 5.5 5.5 5.4 5.4 3.7 3.7 3.2 3.2 3.2
 249.23 | . 1.1 1.1 1.1 1.0 1.0 1.1 1.1 1.1 1.2 5.4 1.1 1.1 1.1 5.4 5.4 5.4 5.4 5.5 5.5 5.5 5.5 5.5 5.4 5.4 3.7 3.7 3.2 3.2 3.2
 249.33 | . 1.1 1.0 1.0 1.0 1.0 1.0 1.1 1.1 1.1 1.2 5.4 1.2 1.2 1.2 5.4 5.4 5.4 5.4 5.5 5.5 5.5 5.5 5.4 5.4 3.7 3.7 3.2 3.2 3.2
 249.43 | . 1.0 1.0 1.0 1.0 1.0 1.0 1.0 1.0 1.1 1.2 1.3 1.3 1.3 5.4 5.4 5.4 5.4 5.5 5.5 5.5 5.5 5.5 5.4 5.4 3.7 3.7 3.2 3.2 3.2
 249.53 | . 1.0 1.0 1.0 1.0 1.0 1.0 1.0 1.0 1.0 1.1 5.4 5.4 5.4 5.4 5.4 5.4 5.4 5.4 5.5 5.5 5.5 5.5 5.4 5.4 3.7 3.7 3.2 3.2 3.2
...[静止 0.3s]
 249.95 | . 0.9 0.9 0.9 0.9 0.9 0.9 1.0 1.0 1.0 5.4 5.4 5.4 5.4 5.4 5.4 5.4 5.4 5.4 5.5 5.5 5.5 5.5 5.4 5.5 3.7 3.7 3.3 3.2 3.2
...[静止 0.1s]
 250.14 | . 0.9 0.9 0.9 0.9 0.9 0.9 0.9 0.9 5.5 5.4 5.4 5.4 5.4 5.4 5.4 5.4 5.4 5.5 5.5 5.5 5.5 5.5 5.5 5.5 3.7 3.7 3.2 3.2 3.2
...[静止 0.2s]
 250.45 | . 0.9 0.9 0.9 0.9 0.9 0.9 0.9 5.5 5.5 5.4 5.4 5.4 5.4 5.4 5.4 5.4 5.4 5.4 5.5 5.5 5.5 5.5 5.4 5.4 3.7 3.7 3.2 3.2 3.2
...[静止 0.3s]
 250.84 | . 1.0 1.0 1.0 1.0 1.0 1.0 1.0 1.1 5.5 5.4 5.4 5.4 5.4 5.4 5.4 5.4 5.4 5.5 5.5 5.5 5.5 5.5 5.4 5.4 3.7 3.7 3.2 3.2 3.2
 250.94 | . 1.0 1.0 1.0 1.0 1.0 1.0 1.0 1.6 1.6 5.5 5.4 5.4 5.4 5.4 5.4 5.4 5.4 5.5 5.5 5.5 5.5 5.5 5.4 5.4 3.7 3.7 3.2 3.2 3.2
 251.05 | . 1.0 1.0 1.0 1.0 1.0 1.0 1.0 1.6 1.6 1.6 1.6 1.7 5.4 5.4 5.4 5.4 5.4 5.5 5.5 5.5 5.5 5.5 5.4 5.4 3.7 3.7 3.2 3.2 3.2
 251.16 | . 1.0 1.0 1.0 1.0 1.0 1.0 1.0 1.0 1.7 1.7 1.7 1.7 1.7 5.4 5.4 5.4 5.4 5.4 5.5 5.5 5.5 5.5 5.4 5.4 3.7 3.7 3.2 3.2 3.2
 251.25 | . 1.0 1.0 1.0 1.0 1.0 1.0 1.0 1.0 1.7 1.7 1.7 1.7 1.7 1.7 5.4 5.4 5.4 5.5 5.5 5.5 5.5 5.5 5.4 5.4 3.7 3.7 3.2 3.2 3.2
...[静止 0.8s]
 252.16 | . 1.0 1.0 1.0 1.0 1.0 1.0 1.1 1.7 1.7 1.7 1.7 1.7 1.7 1.7 5.4 5.4 5.4 5.4 5.5 5.5 5.5 5.5 5.4 5.4 3.7 3.7 3.2 3.2 3.2
 252.26 | . 1.0 1.0 1.0 1.0 1.1 1.1 1.7 1.7 1.7 1.7 1.7 1.4 1.7 1.8 5.4 5.4 5.4 5.5 5.5 5.5 5.5 5.5 5.4 5.4 3.7 3.7 3.2 3.2 3.2
 252.36 | . 1.0 1.1 1.1 1.1 1.1 1.1 1.7 1.1 1.0 1.1 1.7 1.7 1.7 1.8 5.4 5.4 5.4 5.4 5.5 5.5 5.5 5.5 5.4 5.4 3.7 3.7 3.2 3.2 3.2
 252.46 | . 1.0 1.0 1.0 1.1 1.6 1.6 1.7 1.7 1.7 1.7 1.7 1.7 1.7 1.8 5.4 5.4 5.4 5.4 5.5 5.5 5.5 5.5 5.5 5.5 3.7 3.7 3.2 3.2 3.2
 252.56 | . 1.1 1.1 1.6 1.6 1.6 1.6 1.7 1.7 1.7 1.7 1.7 1.7 1.7 1.7 5.4 5.4 5.4 5.4 5.5 5.5 5.5 5.5 5.5 5.5 3.7 3.7 3.2 3.2 3.2
 252.66 | . 1.8 1.6 1.6 1.6 1.6 1.6 1.7 1.7 1.7 1.7 1.7 1.7 1.7 1.8 5.4 5.4 5.4 5.5 5.5 5.5 5.5 5.5 5.4 5.4 3.7 3.7 3.2 3.2 3.2
...[静止 1.3s]
 254.08 | . 1.1 1.6 1.6 1.6 1.6 1.7 1.7 1.7 1.7 1.7 1.7 1.7 1.7 1.8 5.4 5.4 5.4 5.4 5.5 5.5 5.5 5.5 5.4 5.4 3.7 3.7 3.2 3.2 3.2
 254.17 | . 1.1 1.3 1.6 1.6 1.6 1.7 1.7 1.7 1.7 1.7 1.7 1.7 1.7 1.8 5.4 5.4 5.4 5.5 5.5 5.5 5.5 5.5 5.4 5.4 3.7 3.7 3.3 3.2 3.2
 254.27 | . 1.1 1.1 1.6 1.6 1.6 1.6 1.7 1.7 1.7 1.7 1.7 1.7 1.7 1.8 5.4 5.4 5.4 5.5 5.5 5.5 5.5 5.5 5.4 5.4 3.7 3.7 3.2 3.2 3.2
 254.37 | . 1.1 1.1 1.1 1.6 1.6 1.7 1.7 1.7 1.7 1.7 1.7 1.7 1.7 1.8 5.4 5.4 5.4 5.5 5.5 5.5 5.5 5.5 5.4 5.4 3.7 3.7 3.2 3.2 3.2
 254.48 | . 1.1 1.1 1.1 1.1 1.2 1.7 1.7 1.7 1.7 1.7 1.7 1.7 1.8 1.8 5.4 5.4 5.4 5.4 5.5 5.5 5.5 5.5 5.4 5.5 3.7 3.7 3.3 3.2 3.2
 254.58 | . 1.1 1.1 1.1 1.1 1.1 1.2 1.7 1.7 1.7 1.7 1.7 1.7 1.7 1.7 5.4 5.4 5.4 5.5 5.5 5.5 5.5 5.5 5.4 5.4 3.7 3.7 3.2 3.2 3.2
 254.68 | . 1.0 1.0 1.1 1.1 1.1 1.1 1.2 1.7 1.7 1.7 1.7 1.7 5.4 5.4 5.4 5.4 5.4 5.5 5.5 5.5 5.5 5.5 5.5 5.5 3.7 3.7 3.2 3.2 3.2
 254.78 | . 1.1 1.1 1.1 1.1 1.1 1.1 1.1 1.2 1.7 1.7 5.4 5.4 5.4 5.4 5.4 5.4 5.4 5.5 5.5 5.5 5.5 5.5 5.5 5.4 3.7 3.7 3.2 3.2 3.2
 254.88 | . 1.1 1.1 1.1 1.1 1.1 1.1 1.1 1.1 5.5 5.4 5.4 5.4 5.4 5.4 5.4 5.4 5.4 5.5 5.5 5.5 5.5 5.5 5.5 5.5 3.7 3.7 3.2 3.2 3.2
...[静止 0.1s]
 255.08 | . 1.1 1.0 1.0 1.0 1.1 1.1 1.1 5.5 5.5 5.4 5.4 5.4 5.4 5.4 5.4 5.4 5.4 5.4 5.5 5.5 5.5 5.5 5.4 5.4 3.7 3.7 3.2 3.2 3.2
 255.18 | . 1.0 1.0 1.0 1.0 1.1 1.1 5.5 5.5 5.5 5.4 5.4 5.4 5.4 5.4 5.4 5.4 5.4 5.5 5.5 5.5 5.5 5.5 5.5 5.5 3.7 3.7 3.2 3.2 3.2
...[静止 0.1s]
 255.39 | . 0.9 0.9 0.9 1.0 1.0 1.1 5.5 5.5 5.5 5.4 5.4 5.4 5.4 5.4 5.4 5.4 5.4 5.4 5.5 5.5 5.5 5.5 5.4 5.4 3.7 3.7 3.2 3.2 3.2
 255.48 | . 0.9 0.9 0.9 0.9 1.0 1.1 5.5 5.5 5.5 5.4 5.4 5.4 5.4 5.4 5.4 5.4 5.4 5.5 5.5 5.5 5.5 5.5 5.4 5.4 3.7 3.7 3.2 3.2 3.2
...[静止 0.1s]
 255.68 | . 0.9 0.9 0.9 1.0 5.5 5.5 5.5 5.5 5.5 5.4 5.4 5.4 5.4 5.4 5.4 5.4 5.4 5.5 5.5 5.5 5.5 5.5 5.4 5.4 3.7 3.7 3.2 3.2 3.2
...[静止 0.1s]
 255.89 | . 0.9 0.9 1.0 5.5 5.5 5.5 5.5 5.5 5.5 5.4 5.4 5.4 5.4 5.4 5.4 5.4 5.4 5.5 5.5 5.5 5.5 5.5 5.4 5.5 3.7 3.7 3.2 3.2 3.2
 255.99 | . 0.9 0.9 5.5 5.5 5.5 5.5 5.5 5.5 5.5 5.4 5.4 5.4 5.4 5.4 5.4 5.4 5.4 5.5 5.5 5.5 5.5 5.5 5.5 5.5 3.7 3.7 3.2 3.2 3.2
...[静止 0.1s]
 256.19 | . 0.9 1.1 1.2 5.5 5.5 5.5 5.5 5.5 5.5 5.4 5.4 5.4 5.4 5.4 5.4 5.4 5.4 5.4 5.5 5.5 5.5 5.5 5.5 5.5 3.7 3.7 3.2 3.2 3.2
 256.29 | . 1.1 1.1 1.1 1.1 5.5 5.5 5.5 5.5 5.5 5.4 5.4 5.4 5.4 5.4 5.4 5.4 5.4 5.4 5.5 5.5 5.5 5.5 5.5 5.5 3.7 3.7 3.2 3.2 3.2
 256.39 | . 1.0 1.0 1.0 1.1 1.1 5.5 5.5 5.5 5.5 5.4 5.4 5.4 5.4 5.4 5.4 5.4 5.4 5.4 5.5 5.5 5.5 5.5 5.5 5.5 3.7 3.7 3.3 3.2 3.2
...[静止 0.2s]
 256.69 | . 1.1 1.1 1.1 1.1 1.2 1.6 5.5 5.5 5.5 5.4 5.4 5.4 5.4 5.4 5.4 5.4 5.4 5.4 5.5 5.5 5.5 5.5 5.4 5.4 3.7 3.7 3.2 3.2 3.2
 256.79 | . 1.1 1.1 1.1 1.2 1.2 1.2 1.6 5.5 5.5 5.4 5.4 5.4 5.4 5.4 5.4 5.4 5.4 5.5 5.5 5.5 5.5 5.5 5.4 5.4 3.7 3.7 3.2 3.2 3.2
...[静止 0.2s]
 257.10 | . 1.2 1.2 1.2 1.2 1.3 1.3 1.3 5.5 5.5 5.4 5.4 5.4 5.4 5.4 5.4 5.4 5.4 5.4 5.5 5.5 5.5 5.5 5.4 5.4 3.7 3.7 3.2 3.2 3.2
...[静止 0.1s]
 257.31 | . 1.2 1.2 1.2 1.2 1.3 1.3 1.4 1.5 5.5 5.4 5.4 5.4 5.4 5.4 5.4 5.4 5.4 5.5 5.5 5.5 5.5 5.5 5.4 5.5 3.7 3.7 3.3 3.2 3.2
...[静止 0.4s]
 257.80 | . 1.2 1.2 1.2 1.2 1.2 1.2 1.3 5.5 5.5 5.4 5.4 5.4 5.4 5.4 5.4 5.4 5.4 5.4 5.5 5.5 5.5 5.5 5.5 5.5 3.7 3.7 3.2 3.2 3.2
 257.90 | . 1.1 1.2 1.2 1.2 1.2 1.2 1.3 1.3 5.5 5.4 5.4 5.4 5.4 5.4 5.4 5.4 5.4 5.5 5.5 5.5 5.5 5.5 5.4 5.4 3.7 3.7 3.2 3.2 3.2
 258.01 | . 1.1 1.1 1.1 1.2 1.2 1.2 1.2 1.2 5.5 5.4 5.4 5.4 5.4 5.4 5.4 5.4 5.4 5.5 5.5 5.5 5.5 5.5 5.4 5.4 3.7 3.7 3.2 3.2 3.2
 258.12 | . 1.0 1.0 1.0 1.1 1.2 1.2 1.3 5.5 5.5 5.4 5.4 5.4 5.4 5.4 5.4 5.4 5.4 5.5 5.5 5.5 5.5 5.5 5.5 5.5 3.7 3.7 3.2 3.2 3.2
 258.21 | . 1.0 1.0 1.0 1.0 1.2 1.1 5.5 5.5 5.5 5.4 5.4 5.4 5.4 5.4 5.4 5.4 5.4 5.5 5.5 5.5 5.5 5.5 5.5 5.5 3.7 3.7 3.2 3.2 3.2
 258.31 | . 0.9 0.9 0.9 0.9 0.9 5.5 5.5 5.5 5.5 5.4 5.4 5.4 5.4 5.4 5.4 5.4 5.4 5.4 5.5 5.5 5.5 5.5 5.5 5.5 3.7 3.7 3.3 3.2 3.2
 258.41 | . 0.8 0.8 0.9 0.9 0.9 1.0 5.5 5.5 5.5 5.4 5.4 5.4 5.4 5.4 5.4 5.4 5.4 5.4 5.5 5.5 5.5 5.5 5.5 5.4 3.7 3.7 3.2 3.2 3.2
 258.52 | . 0.8 0.8 0.9 0.8 5.5 5.5 5.5 5.5 5.5 5.4 5.4 5.4 5.4 5.4 5.4 5.4 5.4 5.5 5.5 5.5 5.5 5.5 5.4 5.4 3.7 3.7 3.2 3.2 3.2
 258.61 | . 0.8 5.6 5.5 5.5 5.5 5.5 5.5 5.5 5.5 5.4 5.4 5.4 5.4 5.4 5.4 5.4 5.4 5.5 5.5 5.5 5.5 5.5 5.4 5.4 3.7 3.7 3.2 3.2 3.2
 258.72 | . 5.6 5.5 5.5 5.5 5.5 5.5 5.5 5.5 5.4 5.4 5.4 5.4 5.4 5.4 5.4 5.4 5.4 5.5 5.5 5.5 5.5 5.5 5.5 5.5 3.7 3.7 3.2 3.2 3.2
...[静止 5.2s]
 264.06 | . 1.1 1.1 5.5 5.5 5.5 5.5 5.5 5.5 5.5 5.4 5.4 5.4 5.4 5.4 5.4 5.4 5.4 5.5 5.5 5.5 5.5 5.5 5.4 5.4 3.7 3.7 3.2 3.2 3.2
 264.16 | . 1.2 1.2 1.2 1.2 5.5 5.5 5.5 5.5 5.4 5.4 5.4 5.4 5.4 5.4 5.4 5.4 5.4 5.5 5.5 5.5 5.5 5.5 5.4 5.4 3.7 3.7 3.2 3.2 3.2
 264.26 | . 1.2 1.3 1.3 1.3 1.3 1.3 5.5 5.5 5.5 5.4 5.4 5.4 5.4 5.4 5.4 5.4 5.4 5.5 5.5 5.5 5.5 5.5 5.5 5.5 3.7 3.7 3.2 3.2 3.2
 264.36 | . 1.3 1.3 1.4 1.4 1.4 1.4 1.8 1.7 1.8 5.4 5.4 5.4 5.4 5.4 5.4 5.4 5.4 5.5 5.5 5.5 5.5 5.5 5.4 5.4 3.7 3.7 3.2 3.2 3.2
 264.46 | . 1.4 1.4 1.4 1.5 1.5 1.6 5.5 1.8 1.8 5.5 5.4 5.4 5.4 5.4 5.4 5.4 5.4 5.5 5.5 5.5 5.5 5.5 5.4 5.4 3.7 3.7 3.2 3.2 3.2
 264.57 | . 1.5 1.5 1.5 1.5 1.6 2.0 2.0 1.9 1.9 5.4 5.4 5.4 5.4 5.4 5.4 5.4 5.4 5.4 5.5 5.5 5.5 5.5 5.4 5.4 3.7 3.6 3.2 3.2 3.2
 264.66 | . 1.6 1.6 1.6 1.6 1.7 2.1 2.1 1.9 1.9 5.4 5.4 5.4 5.4 5.4 5.4 5.4 5.4 5.5 5.5 5.5 5.5 5.5 5.4 5.4 3.7 3.7 3.2 3.2 3.2
 264.76 | . 1.7 1.7 1.7 1.7 1.8 2.1 2.0 2.0 5.5 5.4 5.4 5.4 5.4 5.4 5.4 5.4 5.4 5.5 5.5 5.5 5.5 5.5 5.4 5.4 3.7 3.7 3.2 3.2 3.2
 264.87 | . 1.8 1.8 1.8 1.8 2.1 2.1 2.0 2.0 5.5 5.4 5.4 5.4 5.4 5.4 5.4 5.4 5.4 5.4 5.5 5.5 5.5 5.5 5.4 5.4 3.7 3.7 3.2 3.2 3.2
 264.97 | . 1.9 1.9 1.9 1.9 2.2 2.2 2.1 2.0 5.5 5.4 5.4 5.4 5.4 5.4 5.4 5.4 5.4 5.5 5.5 5.5 5.5 5.5 5.4 5.4 3.7 3.7 3.2 3.2 3.2
 265.07 | . 1.9 1.9 2.0 5.5 5.5 2.3 2.1 2.1 2.1 5.4 5.4 5.4 5.4 5.4 5.4 5.4 5.4 5.4 5.5 5.5 5.5 5.5 5.4 5.4 3.7 3.7 3.2 3.2 3.2
 265.17 | . 2.0 2.0 5.5 5.5 5.5 2.4 2.4 2.1 2.2 5.4 5.4 5.4 5.4 5.4 5.4 5.4 5.4 5.5 5.5 5.5 5.5 5.5 5.5 5.5 3.7 3.7 3.2 3.2 3.2
 265.27 | . 2.0 2.0 5.5 5.5 5.5 2.4 2.2 2.2 5.5 5.4 5.4 5.4 5.4 5.4 5.4 5.4 5.4 5.4 5.5 5.5 5.5 5.5 5.4 5.4 3.7 3.7 3.2 3.2 3.2
 265.37 | . 2.0 5.6 5.5 5.5 5.5 2.2 2.2 5.5 5.5 5.4 5.4 5.4 5.4 5.4 5.4 5.4 5.4 5.4 5.5 5.5 5.5 5.5 5.5 5.4 3.7 3.7 3.2 3.2 3.2
 265.47 | . 2.1 5.6 5.5 5.5 2.1 2.1 2.5 2.6 5.4 5.4 5.4 5.4 5.4 5.4 5.4 5.4 5.4 5.4 5.5 5.5 5.5 5.5 5.4 5.4 3.7 3.7 3.2 3.2 3.2
 265.57 | . 2.1 2.3 5.5 2.1 2.1 2.6 2.6 2.6 5.5 5.4 5.4 5.4 5.4 5.4 5.4 5.4 5.4 5.4 5.5 5.5 5.5 5.5 5.5 5.5 3.7 3.7 3.2 3.2 3.2
 265.67 | . 2.2 2.0 2.0 2.0 5.5 5.5 2.6 2.6 5.5 5.4 5.4 5.4 5.4 5.4 5.4 5.4 5.4 5.4 5.5 5.5 5.5 5.5 5.4 5.4 3.7 3.7 3.2 3.2 3.2
 265.77 | . 2.0 2.0 2.0 5.5 5.5 5.5 2.7 2.6 5.5 5.4 5.4 5.4 5.4 5.4 5.4 5.4 5.4 5.4 5.5 5.5 5.5 5.5 5.4 5.4 3.7 3.7 3.2 3.2 3.2
 265.87 | . 2.0 2.0 5.5 5.5 5.5 5.5 2.7 2.6 5.5 5.4 5.4 5.4 5.4 5.4 5.4 5.4 5.4 5.4 5.5 5.5 5.5 5.5 5.4 5.4 3.7 3.7 3.3 3.2 3.2
 265.97 | . 2.2 2.4 5.5 5.5 5.5 5.5 2.7 2.6 5.4 5.4 5.4 5.4 5.4 5.4 5.4 5.4 5.4 5.4 5.5 5.5 5.5 5.5 5.4 5.4 3.7 3.7 3.2 3.2 3.2
 266.08 | . 2.1 2.3 5.5 5.5 5.5 5.5 5.5 2.6 5.5 5.4 5.4 5.4 5.4 5.4 5.4 5.4 5.4 5.5 5.5 5.5 5.5 5.5 5.4 5.4 3.7 3.7 3.2 3.2 3.2
 266.17 | . 2.1 2.3 5.5 5.5 5.5 5.5 5.5 2.6 2.7 5.4 5.4 5.4 5.4 5.4 5.4 5.4 5.4 5.4 5.5 5.5 5.5 5.5 5.4 5.4 3.7 3.7 3.2 3.2 3.2
...[静止 0.1s]
 266.38 | . 2.1 2.1 2.3 5.5 5.5 5.5 5.5 5.5 2.5 2.5 5.4 5.4 5.4 5.4 5.4 5.4 5.4 5.5 5.5 5.5 5.5 5.5 5.4 5.4 3.7 3.7 3.2 3.2 3.2
 266.48 | . 2.0 2.1 2.2 2.2 5.5 5.5 5.5 5.5 5.5 2.3 2.4 5.4 5.4 5.4 5.4 5.4 5.4 5.4 5.5 5.5 5.5 5.5 5.4 5.4 3.7 3.7 3.2 3.2 3.2
 266.59 | . 1.9 1.9 2.0 2.0 2.1 5.5 5.5 5.5 2.2 2.2 5.4 5.4 5.4 5.4 5.4 5.4 5.4 5.5 5.5 5.5 5.5 5.5 5.5 5.4 3.7 3.7 3.2 3.2 3.2
 266.68 | . 1.8 1.8 1.8 1.9 1.9 1.9 5.5 2.0 2.0 2.0 5.4 5.4 5.4 5.4 5.4 5.4 5.4 5.4 5.5 5.5 5.5 5.5 5.4 5.5 3.7 3.7 3.3 3.2 3.2
 266.78 | . 1.7 1.7 1.7 1.7 1.7 1.7 1.8 1.8 1.8 1.8 5.4 5.4 5.4 5.4 5.4 5.4 5.4 5.4 5.5 5.5 5.5 5.5 5.5 5.4 3.7 3.7 3.2 3.2 3.2
 266.88 | . 1.6 1.6 1.5 1.5 1.5 1.5 1.6 1.7 5.5 1.7 5.4 5.4 5.4 5.4 5.4 5.4 5.4 5.4 5.5 5.5 5.5 5.5 5.5 5.4 3.7 3.7 3.2 3.2 3.2
 266.98 | . 1.4 1.4 1.4 1.4 1.4 1.4 1.5 1.5 1.5 1.5 1.5 1.6 5.4 5.4 5.4 5.4 5.4 5.5 5.5 5.5 5.5 5.4 5.5 5.4 3.7 3.7 3.2 3.2 3.2
 267.08 | . 1.3 1.3 1.3 1.3 1.3 1.3 1.3 1.4 1.3 1.4 1.4 1.4 5.4 5.4 5.4 5.4 5.4 5.4 5.5 5.5 5.5 5.5 5.4 5.4 3.6 3.7 3.2 3.2 3.2
 267.18 | . 1.1 1.1 1.1 1.1 1.1 1.2 1.2 1.2 1.2 1.2 1.2 1.2 1.2 5.4 5.4 5.4 5.4 5.4 5.5 5.5 5.5 5.5 5.5 5.5 3.7 3.7 3.2 3.2 3.2
 267.29 | . 0.9 0.9 1.0 1.0 1.0 0.9 0.9 0.9 0.9 0.9 1.0 1.0 5.4 5.4 5.4 5.4 5.4 5.5 5.5 5.5 5.5 5.5 5.4 5.4 3.7 3.7 3.2 3.2 3.2
 267.38 | . 0.7 0.7 1.0 0.9 5.5 5.5 5.5 5.5 5.5 5.4 5.4 5.4 5.4 5.4 5.4 5.4 5.4 5.5 5.5 5.5 5.5 5.5 5.4 5.5 3.6 3.7 3.2 3.2 3.2
 267.49 | . 0.9 5.6 5.5 5.5 5.5 5.5 5.5 5.5 5.5 5.4 5.4 5.4 5.4 5.4 5.4 5.4 5.4 5.5 5.5 5.5 5.5 5.5 5.5 5.4 3.7 3.7 3.2 3.2 3.2
 267.60 | . 5.6 5.6 5.5 5.5 5.5 5.5 5.5 5.5 5.5 5.4 5.4 5.4 5.4 5.4 5.4 5.4 5.4 5.5 5.5 5.5 5.5 5.5 5.5 5.5 3.7 3.7 3.2 3.2 3.2
...[静止 4.9s]
 272.63 | . 0.8 0.8 0.8 5.5 5.5 5.5 5.5 5.5 5.5 5.4 5.4 5.4 5.4 5.4 5.4 5.4 5.4 5.4 5.5 5.5 5.5 5.5 5.4 5.4 3.7 3.7 3.2 3.2 3.2
 272.73 | . 1.1 1.0 5.5 0.9 0.9 0.9 1.0 1.0 5.5 5.4 5.4 5.4 5.4 5.4 5.4 5.4 5.4 5.4 5.5 5.5 5.5 5.5 5.4 5.4 3.7 3.7 3.2 3.2 3.2
 272.83 | . 1.1 1.1 1.2 1.2 1.2 5.5 1.1 1.1 1.1 1.1 1.2 5.4 5.4 5.4 5.4 5.4 5.4 5.5 5.5 5.5 5.5 5.5 5.4 5.4 3.7 3.7 3.2 3.2 3.2
 272.93 | . 1.2 1.2 1.3 1.3 1.3 1.3 5.5 1.4 1.4 1.4 1.4 5.4 5.4 5.4 5.4 5.4 5.4 5.4 5.5 5.5 5.5 5.5 5.4 5.4 3.7 3.7 3.2 3.2 3.2
 273.03 | . 1.4 1.4 1.4 1.4 1.4 1.4 1.4 1.6 1.6 1.6 5.4 5.4 5.4 5.4 5.4 5.4 5.4 5.4 5.5 5.5 5.5 5.5 5.4 5.4 3.7 3.7 3.2 3.2 3.2
 273.13 | . 1.5 1.5 1.5 1.5 1.5 1.5 1.5 1.5 5.5 5.4 5.4 5.4 5.4 5.4 5.4 5.4 5.4 5.5 5.5 5.5 5.5 5.5 5.4 5.4 3.7 3.7 3.2 3.2 3.2
 273.24 | . 1.6 1.6 1.6 1.6 1.6 1.6 1.6 1.7 5.5 5.4 5.4 5.4 5.4 5.4 5.4 5.4 5.4 5.4 5.5 5.5 5.5 5.5 5.5 5.5 3.7 3.7 3.2 3.2 3.2
 273.34 | . 1.7 1.7 1.7 1.7 1.7 1.8 1.8 2.3 2.2 5.4 5.4 5.4 5.4 5.4 5.4 5.4 5.4 5.4 5.5 5.5 5.5 5.5 5.5 5.5 3.7 3.7 3.2 3.2 3.2
 273.44 | . 1.9 1.9 1.9 1.9 1.9 1.9 5.5 2.4 2.4 5.4 5.4 5.4 5.4 5.4 5.4 5.4 5.4 5.4 5.5 5.5 5.5 5.5 5.4 5.4 3.7 3.7 3.2 3.2 3.2
 273.54 | . 2.0 2.0 2.0 2.0 2.0 2.1 5.5 2.5 2.5 5.4 5.4 5.4 5.4 5.4 5.4 5.4 5.4 5.5 5.5 5.5 5.5 5.5 5.4 5.4 3.7 3.7 3.2 3.2 3.2
 273.64 | . 2.1 2.1 2.2 2.2 2.2 2.3 5.5 2.5 2.5 5.4 5.4 5.4 5.4 5.4 5.4 5.4 5.4 5.5 5.5 5.5 5.5 5.5 5.4 5.4 3.7 3.7 3.2 3.2 3.2
 273.74 | . 2.3 2.2 2.2 2.2 2.3 2.3 5.5 2.5 2.5 5.4 5.4 5.4 5.4 5.4 5.4 5.4 5.4 5.4 5.4 5.5 5.5 5.5 5.5 5.5 3.7 3.7 3.2 3.2 3.2
...[静止 0.4s]
 274.24 | . 2.6 2.6 2.6 2.6 2.6 2.6 3.0 3.0 2.9 2.9 5.4 5.4 5.4 5.4 5.4 5.4 5.4 5.5 5.5 5.5 5.5 5.5 5.4 5.4 3.7 3.7 3.2 3.2 3.2
 274.34 | . 2.7 2.6 2.6 2.6 2.7 2.7 5.5 3.1 2.9 2.9 5.4 5.4 5.4 5.4 5.4 5.4 5.4 5.5 5.5 5.5 5.5 5.5 5.4 5.4 3.7 3.7 3.2 3.2 3.2
 274.45 | . 2.7 2.7 2.7 2.7 2.7 5.5 5.5 3.2 3.0 3.0 5.4 5.4 5.4 5.4 5.4 5.4 5.4 5.5 5.5 5.5 5.5 5.5 5.4 5.4 3.7 3.7 3.2 3.2 3.2
 274.56 | . 2.7 2.7 2.7 2.7 5.5 5.5 5.5 3.2 3.1 3.0 5.4 5.4 5.4 5.4 5.4 5.4 5.4 5.5 5.5 5.5 5.5 5.5 5.4 5.4 3.7 3.7 3.2 3.2 3.2
...[静止 0.2s]
 274.85 | . 2.8 2.8 2.8 2.8 5.5 5.5 5.5 2.9 3.2 5.4 5.4 5.4 5.4 5.4 5.4 5.4 5.4 5.5 5.5 5.5 5.5 5.5 5.5 5.5 3.7 3.7 3.2 3.2 3.2
 274.95 | . 2.8 2.8 2.8 2.8 5.5 2.8 2.8 3.2 3.2 5.4 5.4 5.4 5.4 5.4 5.4 5.4 5.4 5.5 5.5 5.5 5.5 5.5 5.4 5.5 3.7 3.7 3.2 3.2 3.2
 275.05 | . 2.8 2.7 2.7 2.7 2.7 5.5 5.5 5.5 3.2 5.4 5.4 5.4 5.4 5.4 5.4 5.4 5.4 5.4 5.5 5.5 5.5 5.5 5.4 5.4 3.7 3.7 3.2 3.2 3.2
 275.15 | . 2.7 2.6 2.6 2.6 5.5 5.5 5.5 5.5 3.2 3.2 5.4 5.4 5.4 5.4 5.4 5.4 5.4 5.5 5.4 5.5 5.5 5.5 5.5 5.5 3.7 3.7 3.2 3.2 3.2
 275.25 | . 2.6 2.6 2.6 2.7 2.9 5.5 5.5 5.5 3.1 3.1 5.4 5.4 5.4 5.4 5.4 5.4 5.4 5.5 5.4 5.5 5.5 5.5 5.4 5.5 3.7 3.7 3.2 3.2 3.2
 275.35 | . 2.6 2.6 2.6 2.7 2.8 5.5 5.5 5.5 3.0 3.0 5.4 5.4 5.4 5.4 5.4 5.4 5.4 5.5 5.5 5.5 5.5 5.5 5.4 5.4 3.7 3.7 3.2 3.2 3.2
 275.45 | . 2.5 2.5 2.5 2.6 2.7 2.8 5.5 5.5 2.8 2.9 5.4 5.4 5.4 5.4 5.4 5.4 5.4 5.4 5.5 5.5 5.5 5.5 5.4 5.4 3.7 3.7 3.2 3.2 3.2
 275.55 | . 2.4 2.4 2.5 2.5 2.6 2.6 2.7 2.7 2.7 5.4 5.4 5.4 5.4 5.4 5.4 5.4 5.4 5.4 5.5 5.5 5.5 5.5 5.5 5.4 3.7 3.7 3.2 3.2 3.2
 275.66 | . 2.4 2.4 2.4 2.4 2.4 2.5 2.5 2.5 2.5 5.4 5.4 5.4 5.4 5.4 5.4 5.4 5.4 5.5 5.5 5.5 5.5 5.5 5.5 5.5 3.7 3.7 3.2 3.2 3.2
 275.76 | . 2.3 2.3 2.3 2.3 2.3 2.3 2.3 2.3 2.4 2.4 5.4 5.4 5.4 5.4 5.4 5.4 5.4 5.5 5.5 5.5 5.5 5.5 5.4 5.4 3.7 3.7 3.3 3.2 3.2
 275.86 | . 2.2 2.2 2.2 2.2 2.1 2.1 2.1 2.2 5.5 2.2 2.3 5.4 5.4 5.4 5.4 5.4 5.4 5.5 5.5 5.5 5.5 5.5 5.4 5.4 3.7 3.7 3.2 3.2 3.2
 275.96 | . 2.0 2.0 2.0 2.0 2.0 2.0 2.0 2.0 2.1 5.5 2.1 2.1 2.1 5.4 5.4 5.4 5.4 5.4 5.5 5.5 5.5 5.5 5.4 5.4 3.7 3.7 3.2 3.2 3.2
 276.06 | . 1.9 1.9 1.9 1.8 1.8 1.8 1.8 1.8 1.8 1.9 5.4 1.9 1.9 1.9 5.4 5.4 5.4 5.5 5.5 5.5 5.5 5.5 5.5 5.5 3.7 3.7 3.2 3.2 3.2
 276.16 | . 1.7 1.7 1.7 1.7 1.7 1.7 1.6 1.7 1.7 1.7 5.5 1.7 1.7 1.7 5.4 5.4 5.4 5.4 5.5 5.5 5.5 5.5 5.4 5.4 3.7 3.7 3.2 3.2 3.2
 276.26 | . 1.5 1.6 1.6 1.6 1.5 1.6 1.6 1.5 1.6 1.6 1.4 1.4 5.4 5.4 5.4 5.4 5.4 5.5 5.5 5.5 5.5 5.5 5.4 5.4 3.7 3.7 3.2 3.2 3.2
 276.36 | . 1.4 1.4 1.4 1.4 1.4 1.4 1.4 1.5 1.5 1.5 5.4 5.4 5.4 5.4 5.4 5.4 5.4 5.4 5.5 5.5 5.5 5.5 5.4 5.5 3.7 3.7 3.2 3.2 3.2
 276.46 | . 1.3 1.3 1.3 1.3 1.3 1.3 1.3 1.3 1.4 1.4 5.4 5.4 5.4 5.4 5.4 5.4 5.4 5.4 5.5 5.5 5.5 5.5 5.4 5.4 3.7 3.7 3.2 3.2 3.2
 276.56 | . 1.2 1.2 1.1 1.2 1.2 1.2 1.2 5.5 5.5 5.4 5.4 5.4 5.4 5.4 5.4 5.4 5.4 5.5 5.5 5.5 5.5 5.5 5.4 5.4 3.7 3.7 3.2 3.2 3.2
 276.66 | . 1.0 1.0 1.0 1.0 5.5 5.5 5.5 5.5 5.5 5.4 5.4 5.4 5.4 5.4 5.4 5.4 5.4 5.5 5.5 5.5 5.5 5.5 5.4 5.4 3.7 3.7 3.2 3.2 3.2
 276.77 | . 5.6 5.6 5.5 5.5 5.5 5.5 5.5 5.5 5.5 5.4 5.4 5.4 5.4 5.4 5.4 5.4 5.4 5.4 5.5 5.5 5.5 5.5 5.4 5.4 3.7 3.7 3.2 3.2 3.2
 276.87 | . 0.8 0.8 0.8 5.5 5.5 5.5 5.5 5.5 5.4 5.4 5.4 5.4 5.4 5.4 5.4 5.4 5.4 5.4 5.5 5.5 5.5 5.5 5.5 5.4 3.7 3.7 3.2 3.2 3.2
 276.97 | . 0.8 0.8 5.5 5.5 5.5 5.5 5.5 5.5 5.5 5.4 5.4 5.4 5.4 5.4 5.4 5.4 5.4 5.5 5.5 5.5 5.5 5.5 5.4 5.4 3.7 3.7 3.2 3.2 3.2
 277.07 | . 5.6 5.6 5.5 5.5 5.5 5.5 5.5 5.5 5.5 5.4 5.4 5.4 5.4 5.4 5.4 5.4 5.4 5.5 5.5 5.5 5.5 5.5 5.4 5.5 3.7 3.6 3.2 3.2 3.2

# 帧级细段表(驻留>=0.4s, 档跳变>0.3m 断段, 容缺<=0.2s)
起止(s)	时长	带°	平均m	最近m
 119.62~ 120.73	 1.11	 -13.5	  2.33	  2.11
 121.13~ 121.64	 0.50	 -13.5	  1.37	  1.16
 136.77~ 139.09	 2.32	 -13.5	  1.26	  0.99
 178.52~ 179.03	 0.50	 -13.5	  1.28	  1.15
 179.13~ 180.04	 0.91	 -13.5	  2.03	  1.62
 180.14~ 180.84	 0.71	 -13.5	  2.59	  2.35
 180.96~ 181.36	 0.40	 -13.5	  3.04	  2.89
 184.68~ 185.28	 0.61	 -13.5	  2.84	  2.57
 227.95~ 229.36	 1.41	 -13.5	  2.11	  2.12
 229.86~ 238.94	 9.08	 -13.5	  2.11	  2.11
 247.93~ 252.56	 4.63	 -13.5	  1.01	  0.84
 252.66~ 253.97	 1.31	 -13.5	  1.80	  1.78
 254.08~ 258.61	 4.53	 -13.5	  1.05	  0.80
 264.06~ 264.57	 0.51	 -13.5	  1.28	  1.07
 264.66~ 266.78	 2.12	 -13.5	  1.97	  1.59
 272.73~ 273.13	 0.40	 -13.5	  1.26	  1.05
 273.64~ 275.76	 2.12	 -13.5	  2.57	  2.07
 276.16~ 276.56	 0.40	 -13.5	  1.42	  1.16
 119.42~ 120.73	 1.31	 -12.5	  2.34	  2.09
 121.13~ 121.54	 0.40	 -12.5	  1.40	  1.25
 136.77~ 139.09	 2.32	 -12.5	  1.25	  1.00
 178.64~ 179.13	 0.49	 -12.5	  1.38	  1.17
 179.94~ 180.76	 0.82	 -12.5	  2.47	  2.23
 180.84~ 181.55	 0.71	 -12.5	  3.04	  2.75
 184.58~ 185.28	 0.71	 -12.5	  2.84	  2.57
 227.65~ 229.36	 1.71	 -12.5	  2.01	  1.94
 229.86~ 239.24	 9.38	 -12.5	  1.99	  1.70
 247.93~ 252.56	 4.63	 -12.5	  1.02	  0.85
 252.66~ 254.08	 1.42	 -12.5	  1.60	  1.63
 254.17~ 258.52	 4.35	 -12.5	  1.06	  0.81
 264.06~ 264.57	 0.51	 -12.5	  1.30	  1.11
 264.66~ 265.27	 0.61	 -12.5	  1.84	  1.59
 265.97~ 266.48	 0.50	 -12.5	  2.25	  2.05
 273.44~ 274.04	 0.61	 -12.5	  2.19	  1.86
 274.14~ 275.66	 1.51	 -12.5	  2.62	  2.36
 276.16~ 276.56	 0.40	 -12.5	  1.44	  1.16
 119.42~ 120.73	 1.31	 -11.5	  2.34	  2.11
 121.24~ 121.64	 0.40	 -11.5	  1.36	  1.17
 136.97~ 139.09	 2.12	 -11.5	  1.27	  0.99
 180.14~ 180.96	 0.82	 -11.5	  2.59	  2.45
 181.05~ 182.56	 1.51	 -11.5	  3.27	  2.88
 182.96~ 184.58	 1.61	 -11.5	  3.33	  3.09
 184.68~ 185.28	 0.61	 -11.5	  2.81	  2.57
 227.44~ 229.46	 2.02	 -11.5	  1.84	  1.83
 229.86~ 239.46	 9.59	 -11.5	  1.82	  1.58
 248.02~ 252.46	 4.44	 -11.5	  1.03	  0.86
 252.56~ 254.27	 1.72	 -11.5	  1.60	  1.62
 254.37~ 255.89	 1.51	 -11.5	  1.01	  0.91
 256.19~ 258.52	 2.33	 -11.5	  1.11	  0.86
 264.16~ 264.76	 0.61	 -11.5	  1.44	  1.20
 272.83~ 273.24	 0.40	 -11.5	  1.40	  1.17
 273.64~ 274.34	 0.71	 -11.5	  2.39	  2.16
 274.45~ 275.66	 1.21	 -11.5	  2.65	  2.39
 119.22~ 120.84	 1.63	 -10.5	  2.29	  2.06
 120.93~ 121.34	 0.40	 -10.5	  1.70	  1.48
 136.97~ 139.09	 2.12	 -10.5	  1.26	  0.99
 139.49~ 178.64	39.15	 -10.5	  2.00	  1.96
 179.13~ 180.04	 0.91	 -10.5	  2.03	  1.86
 180.34~ 181.25	 0.91	 -10.5	  2.74	  2.56
 181.36~ 184.68	 3.32	 -10.5	  3.28	  3.01
 184.78~ 185.18	 0.40	 -10.5	  2.82	  2.65
 226.94~ 229.46	 2.52	 -10.5	  1.89	  1.83
 229.86~ 239.46	 9.59	 -10.5	  1.80	  1.60
 248.02~ 252.46	 4.44	 -10.5	  1.03	  0.86
 252.56~ 254.37	 1.82	 -10.5	  1.60	  1.62
 254.48~ 255.79	 1.31	 -10.5	  1.02	  0.91
 256.29~ 258.41	 2.12	 -10.5	  1.14	  0.89
 264.16~ 264.76	 0.61	 -10.5	  1.46	  1.22
 272.73~ 273.13	 0.40	 -10.5	  1.26	  0.94
 273.64~ 274.56	 0.92	 -10.5	  2.46	  2.18
 274.66~ 275.55	 0.90	 -10.5	  2.70	  2.53
 119.02~ 120.64	 1.62	  -9.5	  2.28	  2.18
 137.07~ 138.99	 1.92	  -9.5	  1.30	  1.08
 139.49~ 180.04	40.55	  -9.5	  2.00	  1.83
 180.54~ 181.46	 0.92	  -9.5	  2.89	  2.69
 181.55~ 184.78	 3.23	  -9.5	  3.25	  3.01
 185.38~ 185.79	 0.40	  -9.5	  2.12	  1.85
 226.74~ 227.75	 1.01	  -9.5	  2.11	  1.86
 227.85~ 229.26	 1.41	  -9.5	  1.80	  1.83
 229.86~ 239.46	 9.59	  -9.5	  1.80	  1.60
 248.42~ 248.83	 0.40	  -9.5	  1.76	  1.67
 248.93~ 252.36	 3.43	  -9.5	  1.00	  0.88
 252.46~ 254.37	 1.92	  -9.5	  1.60	  1.63
 254.48~ 255.58	 1.11	  -9.5	  1.09	  1.04
 256.39~ 258.21	 1.82	  -9.5	  1.23	  1.10
 264.26~ 264.76	 0.50	  -9.5	  1.55	  1.32
 272.73~ 273.13	 0.40	  -9.5	  1.26	  0.95
 273.64~ 274.45	 0.81	  -9.5	  2.48	  2.22
 118.71~ 120.53	 1.82	  -8.5	  2.31	  2.16
 137.07~ 138.99	 1.92	  -8.5	  1.30	  1.09
 139.49~ 179.74	40.24	  -8.5	  2.00	  1.76
 179.84~ 180.34	 0.51	  -8.5	  2.40	  2.25
 180.44~ 181.85	 1.41	  -8.5	  2.99	  2.66
 181.95~ 184.78	 2.82	  -8.5	  3.25	  3.03
 185.38~ 185.79	 0.40	  -8.5	  2.12	  1.86
 226.33~ 227.15	 0.82	  -8.5	  2.43	  2.17
 227.24~ 229.26	 2.02	  -8.5	  1.89	  1.84
 229.86~ 239.35	 9.48	  -8.5	  1.87	  1.69
 249.04~ 252.36	 3.32	  -8.5	  0.99	  0.91
 252.46~ 254.48	 2.02	  -8.5	  1.62	  1.64
 254.58~ 255.58	 1.01	  -8.5	  1.11	  1.07
 256.79~ 258.21	 1.41	  -8.5	  1.25	  1.15
 264.57~ 265.47	 0.90	  -8.5	  2.19	  1.99
 273.64~ 274.34	 0.71	  -8.5	  2.46	  2.26
 118.51~ 120.43	 1.92	  -7.5	  2.38	  2.16
 137.17~ 138.99	 1.81	  -7.5	  1.33	  1.10
 139.39~ 179.84	40.45	  -7.5	  1.98	  1.76
 179.94~ 180.64	 0.71	  -7.5	  2.57	  2.32
 181.15~ 184.89	 3.74	  -7.5	  3.26	  3.01
 185.38~ 185.79	 0.40	  -7.5	  2.10	  1.87
 226.13~ 226.84	 0.71	  -7.5	  2.61	  2.36
 226.94~ 229.26	 2.32	  -7.5	  1.96	  1.87
 229.77~ 239.35	 9.57	  -7.5	  1.90	  1.70
 249.13~ 252.16	 3.03	  -7.5	  1.00	  0.93
 252.26~ 254.58	 2.32	  -7.5	  1.70	  1.65
 254.68~ 255.08	 0.40	  -7.5	  1.12	  1.12
 257.10~ 258.12	 1.02	  -7.5	  1.35	  1.25
 264.57~ 265.07	 0.49	  -7.5	  2.05	  1.96
 265.17~ 265.97	 0.81	  -7.5	  2.51	  2.16
 114.58~ 114.98	 0.40	  -6.5	  1.98	  1.75
 118.02~ 118.71	 0.70	  -6.5	  2.30	  2.06
 118.83~ 119.53	 0.71	  -6.5	  2.07	  2.02
 119.62~ 120.93	 1.31	  -6.5	  2.35	  2.08
 137.79~ 139.09	 1.30	  -6.5	  1.35	  1.05
 139.39~ 179.84	40.45	  -6.5	  1.93	  1.76
 179.94~ 180.44	 0.51	  -6.5	  2.55	  2.31
 180.54~ 181.15	 0.61	  -6.5	  3.06	  2.85
 181.25~ 184.28	 3.03	  -6.5	  3.30	  3.15
 184.37~ 184.78	 0.40	  -6.5	  3.90	  3.94
 185.28~ 185.69	 0.40	  -6.5	  2.22	  2.01
 186.19~ 222.00	35.81	  -6.5	  3.91	  3.93
 223.11~ 225.02	 1.92	  -6.5	  3.86	  3.62
 225.13~ 225.93	 0.80	  -6.5	  3.26	  2.99
 226.03~ 226.84	 0.81	  -6.5	  2.63	  2.37
 226.94~ 229.26	 2.32	  -6.5	  1.96	  1.87
 229.77~ 239.35	 9.57	  -6.5	  1.90	  1.72
 249.13~ 250.35	 1.22	  -6.5	  1.00	  0.93
 251.16~ 252.05	 0.90	  -6.5	  1.01	  1.00
 252.46~ 254.68	 2.22	  -6.5	  1.70	  1.66
 257.31~ 258.01	 0.70	  -6.5	  1.37	  1.25
 264.36~ 265.27	 0.91	  -6.5	  1.97	  1.74
 265.47~ 266.28	 0.81	  -6.5	  2.60	  2.56
 273.34~ 274.14	 0.81	  -6.5	  2.53	  2.31
 274.24~ 274.95	 0.71	  -6.5	  3.12	  2.87
 114.88~ 115.28	 0.40	  -5.5	  2.38	  2.14
 117.82~ 118.61	 0.80	  -5.5	  2.59	  2.43
 118.71~ 119.32	 0.61	  -5.5	  2.04	  2.03
 119.42~ 120.84	 1.42	  -5.5	  2.35	  2.15
 137.99~ 139.09	 1.10	  -5.5	  1.34	  1.08
 139.39~ 179.84	40.45	  -5.5	  1.91	  1.93
 179.94~ 180.54	 0.61	  -5.5	  2.57	  2.29
 180.64~ 181.05	 0.40	  -5.5	  3.10	  2.93
 181.15~ 182.46	 1.31	  -5.5	  3.74	  3.49
 182.56~ 183.17	 0.61	  -5.5	  3.36	  3.30
 183.67~ 184.17	 0.50	  -5.5	  3.35	  3.25
 184.28~ 185.28	 1.01	  -5.5	  3.90	  3.94
 185.38~ 185.79	 0.40	  -5.5	  2.12	  1.89
 186.09~ 222.00	35.91	  -5.5	  3.90	  3.94
 223.22~ 225.02	 1.80	  -5.5	  3.87	  3.62
 225.13~ 225.93	 0.80	  -5.5	  3.26	  2.99
 226.03~ 226.64	 0.61	  -5.5	  2.73	  2.51
 226.74~ 229.36	 2.62	  -5.5	  2.00	  1.90
 229.77~ 239.35	 9.57	  -5.5	  1.90	  1.74
 249.23~ 250.04	 0.81	  -5.5	  1.04	  0.97
 250.94~ 252.26	 1.31	  -5.5	  1.69	  1.59
 252.46~ 254.78	 2.32	  -5.5	  1.70	  1.66
 273.34~ 274.14	 0.81	  -5.5	  2.53	  2.24
 274.24~ 275.45	 1.21	  -5.5	  3.04	  2.84
 276.06~ 276.46	 0.40	  -5.5	  1.60	  1.35
 115.39~ 115.79	 0.40	  -4.5	  3.04	  2.79
 117.10~ 117.82	 0.72	  -4.5	  3.36	  3.10
 117.92~ 118.61	 0.69	  -4.5	  2.70	  2.47
 118.71~ 120.84	 2.13	  -4.5	  2.30	  2.13
 137.48~ 137.99	 0.50	  -4.5	  1.88	  1.85
 138.08~ 139.09	 1.01	  -4.5	  1.35	  1.09
 139.29~ 179.84	40.55	  -4.5	  1.90	  1.93
 179.94~ 180.44	 0.51	  -4.5	  2.48	  2.28
 180.54~ 181.05	 0.50	  -4.5	  3.05	  2.84
 181.15~ 182.56	 1.41	  -4.5	  3.75	  3.48
 182.96~ 183.67	 0.71	  -4.5	  3.92	  3.94
 183.77~ 184.17	 0.40	  -4.5	  3.40	  3.24
 184.28~ 185.38	 1.11	  -4.5	  3.92	  3.94
 185.99~ 222.11	36.12	  -4.5	  3.93	  3.94
 223.31~ 225.02	 1.71	  -4.5	  3.88	  3.62
 225.13~ 225.84	 0.71	  -4.5	  3.30	  3.08
 225.93~ 226.54	 0.61	  -4.5	  2.80	  2.59
 226.64~ 227.24	 0.61	  -4.5	  2.33	  2.09
 227.34~ 229.26	 1.92	  -4.5	  1.91	  1.91
 229.77~ 239.24	 9.47	  -4.5	  1.90	  1.80
 249.33~ 249.83	 0.50	  -4.5	  1.08	  1.02
 251.05~ 252.26	 1.21	  -4.5	  1.69	  1.65
 252.46~ 254.78	 2.32	  -4.5	  1.70	  1.66
 274.24~ 274.75	 0.50	  -4.5	  2.97	  2.90
 276.06~ 276.46	 0.40	  -4.5	  1.62	  1.41
 114.98~ 115.39	 0.40	  -3.5	  2.56	  2.19
 117.41~ 117.92	 0.50	  -3.5	  3.25	  2.99
 118.02~ 118.61	 0.59	  -3.5	  2.71	  2.47
 118.71~ 119.73	 1.02	  -3.5	  2.30	  2.09
 137.48~ 138.08	 0.59	  -3.5	  1.89	  1.84
 138.19~ 138.89	 0.69	  -3.5	  1.41	  1.38
 138.99~ 179.84	40.85	  -3.5	  1.90	  1.93
 179.94~ 180.44	 0.51	  -3.5	  2.48	  2.28
 180.54~ 181.05	 0.50	  -3.5	  3.05	  2.83
 181.15~ 183.87	 2.72	  -3.5	  3.91	  3.48
 184.07~ 222.11	38.04	  -3.5	  4.00	  3.95
 223.31~ 224.93	 1.62	  -3.5	  3.94	  3.72
 225.02~ 225.84	 0.82	  -3.5	  3.36	  3.09
 225.93~ 226.54	 0.61	  -3.5	  2.83	  2.62
 226.64~ 227.34	 0.71	  -3.5	  2.30	  2.06
 227.44~ 229.26	 1.81	  -3.5	  1.91	  1.91
 229.77~ 239.24	 9.47	  -3.5	  1.90	  1.81
 251.05~ 254.68	 3.63	  -3.5	  1.70	  1.65
 116.51~ 116.91	 0.40	  -2.5	  3.92	  3.76
 117.20~ 117.82	 0.61	  -2.5	  3.36	  3.10
 117.92~ 118.61	 0.69	  -2.5	  2.75	  2.47
 118.71~ 119.42	 0.71	  -2.5	  2.30	  2.10
 137.48~ 138.19	 0.71	  -2.5	  1.89	  1.85
 138.28~ 138.89	 0.61	  -2.5	  1.40	  1.40
 138.99~ 179.84	40.85	  -2.5	  1.90	  1.93
 179.94~ 180.44	 0.51	  -2.5	  2.48	  2.26
 180.54~ 181.05	 0.50	  -2.5	  3.05	  2.83
 181.15~ 222.11	40.96	  -2.5	  3.99	  3.47
 223.41~ 224.93	 1.52	  -2.5	  3.95	  3.73
 225.02~ 225.84	 0.82	  -2.5	  3.37	  3.12
 225.93~ 226.64	 0.71	  -2.5	  2.80	  2.55
 226.74~ 229.16	 2.42	  -2.5	  2.02	  1.93
 229.77~ 239.24	 9.47	  -2.5	  1.91	  1.79
 251.05~ 254.68	 3.63	  -2.5	  1.69	  1.42
 115.49~ 115.99	 0.50	  -1.5	  3.20	  3.05
 116.29~ 116.80	 0.50	  -1.5	  3.68	  3.55
 117.20~ 117.82	 0.61	  -1.5	  3.36	  3.10
 117.92~ 118.51	 0.59	  -1.5	  2.80	  2.55
 118.61~ 119.12	 0.50	  -1.5	  2.42	  2.38
 137.48~ 138.28	 0.80	  -1.5	  1.89	  1.85
 138.38~ 138.79	 0.40	  -1.5	  1.42	  1.41
 138.89~ 179.84	40.95	  -1.5	  1.90	  1.92
 179.94~ 180.54	 0.61	  -1.5	  2.56	  2.27
 181.05~ 222.20	41.15	  -1.5	  3.99	  3.44
 223.51~ 225.02	 1.51	  -1.5	  3.93	  3.67
 225.13~ 225.93	 0.80	  -1.5	  3.31	  3.06
 226.03~ 226.74	 0.71	  -1.5	  2.75	  2.49
 226.84~ 229.16	 2.32	  -1.5	  2.04	  1.95
 229.77~ 239.14	 9.37	  -1.5	  1.96	  1.89
 251.16~ 254.58	 3.42	  -1.5	  1.70	  1.70
 115.59~ 116.09	 0.50	  -0.5	  3.32	  3.19
 116.51~ 117.60	 1.10	  -0.5	  3.53	  3.26
 117.70~ 118.32	 0.62	  -0.5	  2.96	  2.70
 118.41~ 119.22	 0.81	  -0.5	  2.41	  2.17
 137.48~ 138.28	 0.80	  -0.5	  1.91	  1.89
 138.38~ 138.79	 0.40	  -0.5	  1.44	  1.43
 138.89~ 179.63	40.75	  -0.5	  1.92	  1.93
 225.13~ 225.93	 0.80	  -0.5	  3.33	  3.08
 226.03~ 226.54	 0.50	  -0.5	  2.82	  2.65
 227.15~ 227.95	 0.80	  -0.5	  2.02	  1.93
 228.05~ 228.65	 0.61	  -0.5	  2.46	  2.17
 235.02~ 235.51	 0.49	  -0.5	  2.00	  1.98
 238.44~ 238.94	 0.51	  -0.5	  2.00	  1.97
 251.25~ 254.58	 3.33	  -0.5	  1.76	  1.70
 115.79~ 116.29	 0.50	  +0.5	  3.45	  3.31
 116.39~ 116.91	 0.51	  +0.5	  3.85	  3.70
 117.00~ 117.82	 0.82	  +0.5	  3.33	  3.12
 117.92~ 118.83	 0.91	  +0.5	  2.74	  2.51
 224.23~ 225.64	 1.41	  +0.5	  4.23	  3.99
 228.15~ 228.65	 0.50	  +0.5	  2.43	  2.15
 115.99~ 117.31	 1.32	  +1.5	  3.61	  3.43
 117.60~ 118.32	 0.72	  +1.5	  3.10	  2.86
 223.81~ 224.23	 0.41	  +1.5	  3.90	  3.71
 224.32~ 225.32	 1.01	  +1.5	  4.25	  4.12
 115.99~ 117.70	 1.71	  +2.5	  3.54	  3.35
 223.11~ 223.61	 0.50	  +2.5	  3.15	  2.91
 223.71~ 224.12	 0.40	  +2.5	  3.78	  3.60
 224.23~ 225.22	 1.00	  +2.5	  4.22	  4.07
 116.09~ 117.10	 1.01	  +3.5	  3.65	  3.61
 223.71~ 224.23	 0.51	  +3.5	  3.85	  3.62
 224.32~ 225.13	 0.82	  +3.5	  4.24	  4.16
 116.29~ 117.00	 0.71	  +4.5	  3.70	  3.66
 223.71~ 224.32	 0.60	  +4.5	  3.97	  3.65
