
## ASCII 轮廓（行=1°带；列=1s；.≥5m / 5=4.5-4.9 / 4=3.5-4.4 / 3=3.0-3.4 / 2=2.0-2.9 / 1=1.0-1.9 / 0=<1.0）
---   0s~ 75s（行标为该秒十秒位与个秒位，可对行数定位秒） ---
      0         1         2         3         4         5         6         7    
      0    5    0    5    0    5    0    5    0    5    0    5    0    5    0    
 -14.5 ...........................................................................
 -13.5 ...........................................................................
 -12.5 ...........................................................................
 -11.5 ...........................................................................
 -10.5 ...........................................................................
  -9.5 ...........................................................................
  -8.5 ...........................................................................
  -7.5 ...........................................................................
  -6.5 ...........................................................................
  -5.5 ...........................................................................
  -4.5 ...........................................................................
  -3.5 ...........................................................................
  -2.5 ...........................................................................
  -1.5 ...........................................................................
  -0.5 ...........................................................................
  +0.5 ...........................................................................
  +1.5 ...........................................................................
  +2.5 ...........................................................................
  +3.5 ...........................................................................
  +4.5 ...........................................................................
  +5.5 ...........................................................................
  +6.5 ...........................................................................
  +7.5 ...........................................................................
  +8.5 ...........................................................................
  +9.5 ...........................................................................
 +10.5 444444444444444444444444444444444444444444444444444444444444444444444444444
 +11.5 444444444444444444444444444444444444444444444444444444444444444444444444444
 +12.5 333333333333333333333333333333333333333333333333333333333333333333333333333
 +13.5 333333333333333333333333333333333333333333333333333333333333333333333333333
 +14.5 333333333333333333333333333333333333333333333333333333333333333333333333333
---  75s~150s（行标为该秒十秒位与个秒位，可对行数定位秒） ---
           8         9         0         1         2         3         4         
      5    0    5    0    5    0    5    0    5    0    5    0    5    0    5    
 -14.5 ...........................................................................
 -13.5 .......................................02...211..............0110..........
 -12.5 .......................................02...211..............1110..........
 -11.5 .......................................02...211..............1110..........
 -10.5 .......................................02...211..............11101111111111
  -9.5 .......................................02...221...............1101111111111
  -8.5 .......................................12..2221...............1101111111111
  -7.5 .......................................12..2221...............1101111111111
  -6.5 .......................................12.32222...............1101111111111
  -5.5 .......................................12.2222................1111111111111
  -4.5 .......................................12.2222................1111111111111
  -3.5 .......................................124222.................1111111111111
  -2.5 .......................................124222.................1111111111111
  -1.5 ........................................34322.................1111111111111
  -0.5 ........................................33322.................1111111111111
  +0.5 ........................................33322..............................
  +1.5 ........................................3332...............................
  +2.5 ........................................443................................
  +3.5 .........................................43................................
  +4.5 .........................................4.................................
  +5.5 ...........................................................................
  +6.5 ...........................................................................
  +7.5 ...........................................................................
  +8.5 ...........................................................................
  +9.5 ...........................................................................
 +10.5 444444444444444444444444444444444444444444444444444444444444444444444444444
 +11.5 444444444444444444444444444444444444444444444444444444444444444444444444444
 +12.5 333333333333333333333333333333333333333333333333333333333333333333333333333
 +13.5 333333333333333333333333333333333333333333333333333333333333333333333333333
 +14.5 333333333333333333333333333333333333333333333333333333333333333333333333333
--- 150s~225s（行标为该秒十秒位与个秒位，可对行数定位秒） ---
      5         6         7         8         9         0         1         2    
      0    5    0    5    0    5    0    5    0    5    0    5    0    5    0    
 -14.5 ...........................................................................
 -13.5 ............................1122.3210..................................01..
 -12.5 ............................1122.3211..................................01..
 -11.5 ............................112233211..................................01..
 -10.5 1111111111111111111111111111112233211..................................01..
  -9.5 1111111111111111111111111111112233211..................................01..
  -8.5 1111111111111111111111111111112233211..................................01..
  -7.5 1111111111111111111111111111112333211..................................01..
  -6.5 111111111111111111111111111111233321144444444444444444444444444444444444124
  -5.5 111111111111111111111111111111233331444444444444444444444444444444444444124
  -4.5 111111111111111111111111111111233331444444444444444444444444444444444444124
  -3.5 111111111111111111111111111111234344444444444444444444444444444444444444124
  -2.5 111111111111111111111111111111234444444444444444444444444444444444444444124
  -1.5 111111111111111111111111111111234444444444444444444444444444444444444444124
  -0.5 1111111111111111111111111111112.........................................124
  +0.5 .............................2..........................................124
  +1.5 .........................................................................24
  +2.5 .........................................................................24
  +3.5 .........................................................................34
  +4.5 .........................................................................34
  +5.5 .........................................................................4.
  +6.5 ...........................................................................
  +7.5 ...........................................................................
  +8.5 ...........................................................................
  +9.5 ...........................................................................
 +10.5 444444444444444444444444444444444444444444444444444444444444444444444444444
 +11.5 444444444444444444444444444444444444444444444444444444444444444444444444444
 +12.5 333333333333333333333333333333333333333333333333333333333333333333333333333
 +13.5 333333333333333333333333333333333333333333333333333333333333333333333333333
 +14.5 333333333333333333333333333333333333333333333333333333333333333333333333333
--- 225s~284s（行标为该秒十秒位与个秒位，可对行数定位秒） ---
           3         4         5         6         7         8   
      5    0    5    0    5    0    5    0    5    0    5    0   
 -14.5 ...........................................................
 -13.5 ..2202222222221.......000001110010.....1110....01220.......
 -12.5 ..1101111111111.......000001110010.....1110....01220.......
 -11.5 ..1101111111111........10001110110.....1110....01220.......
 -10.5 .21101111111111........10001110110.....1210....01211.......
  -9.5 .21101111111111........10001111110.....1211....01221.......
  -8.5 .21101111111111........10011111110.....1210....01211.......
  -7.5 321101111111111.........0011111111.....1210....01211.......
  -6.5 221101111111111.........001111..11.....1210....01211.......
  -5.5 221101111111111.........001111.........1210....11221.......
  -4.5 321101111111111.........1.1111...........10....11221.......
  -3.5 321101111111111.........1.1111...........10....1..21.......
  -2.5 321101111111111.........1.1111...........10.......21.......
  -1.5 321101111111111.........1.1111............1.......21.......
  -0.5 32110111111111..........1.1111.....................1.......
  +0.5 4..10......................................................
  +1.5 4..11......................................................
  +2.5 4..11......................................................
  +3.5 4..11......................................................
  +4.5 ...11......................................................
  +5.5 ...11......................................................
  +6.5 ...10......................................................
  +7.5 ...10......................................................
  +8.5 ...10......................................................
  +9.5 ...10......................................................
 +10.5 44410444444444444444444444444444444444444444444444444444444
 +11.5 44441444444444444444444444444444444444444444444444444444444
 +12.5 33331333333333333333333333333333333333333333333333333333333
 +13.5 33331333333333333333333333333333333333333333333333333333333
 +14.5 33331333333333333333333333333333333333333333333333333333333

## 遮挡事件表（各带基准收窄≥0.5m 且驻留≥0.8s；平均距离已取 0.1m 档）
# 各带开阔基准(m): -13.5:5.59 -12.5:5.57 -11.5:5.55 -10.5:5.53  -9.5:5.53  -8.5:5.50  -7.5:5.49  -6.5:5.48  -5.5:5.47  -4.5:5.46  -3.5:5.46  -2.5:5.44  -1.5:5.45  -0.5:5.44  +0.5:5.44  +1.5:5.45  +2.5:5.45  +3.5:5.46  +4.5:5.47  +5.5:5.48  +6.5:5.49  +7.5:5.50  +8.5:5.49  +9.5:5.49 +10.5:3.71 +11.5:3.68 +12.5:3.26 +13.5:3.22 +14.5:3.24
起止(s)	时长	带°	基准m	平均m	最近m
 114.1~ 115.4	  1.3	 -13.5	 5.59	  1.86	  0.93
 114.1~ 115.4	  1.3	 -12.5	 5.57	  1.92	  0.91
 114.1~ 115.5	  1.4	 -11.5	 5.55	  1.83	  0.91
 114.1~ 115.6	  1.5	 -10.5	 5.53	  2.09	  0.92
 114.5~ 115.5	  1.0	  -8.5	 5.50	  2.23	  1.41
 114.5~ 115.6	  1.1	  -9.5	 5.53	  2.26	  1.39
 114.5~ 115.7	  1.2	  -7.5	 5.49	  2.46	  1.45
 114.6~ 115.8	  1.2	  -6.5	 5.48	  2.54	  1.75
 114.6~ 115.8	  1.2	  -5.5	 5.47	  2.56	  1.73
 114.6~ 116.0	  1.4	  -4.5	 5.46	  2.65	  1.70
 114.8~ 116.0	  1.2	  -3.5	 5.46	  2.78	  1.82
 114.9~ 119.4	  4.5	  -2.5	 5.44	  3.02	  1.98
 115.5~ 116.8	  1.3	  -1.5	 5.45	  3.55	  3.05
 115.6~ 119.2	  3.6	  -0.5	 5.44	  3.11	  2.17
 115.8~ 119.1	  3.3	  +0.5	 5.44	  3.19	  2.25
 116.0~ 117.7	  1.7	  +2.5	 5.45	  3.54	  3.35
 116.0~ 118.3	  2.3	  +1.5	 5.45	  3.43	  2.86
 116.1~ 117.5	  1.4	  +3.5	 5.46	  3.62	  3.43
 116.8~ 119.7	  2.9	  -3.5	 5.46	  2.80	  2.09
 117.1~ 120.8	  3.7	  -4.5	 5.46	  2.59	  2.13
 117.2~ 119.2	  2.0	  -1.5	 5.45	  2.83	  2.13
 117.3~ 120.8	  3.5	  -5.5	 5.47	  2.47	  2.03
 118.0~ 121.0	  3.0	  -6.5	 5.48	  2.26	  2.02
 118.5~ 120.4	  1.9	  -7.5	 5.49	  2.38	  2.16
 118.7~ 120.5	  1.8	  -8.5	 5.50	  2.31	  2.16
 119.0~ 120.6	  1.6	  -9.5	 5.53	  2.29	  2.18
 119.2~ 121.4	  2.2	 -10.5	 5.53	  2.12	  1.40
 119.4~ 121.6	  2.2	 -11.5	 5.55	  2.03	  1.17
 119.4~ 121.7	  2.3	 -12.5	 5.57	  2.02	  1.06
 119.6~ 121.7	  2.1	 -13.5	 5.59	  1.95	  1.04
 136.8~ 139.5	  2.7	 -13.5	 5.59	  1.20	  0.80
 136.8~ 139.5	  2.7	 -12.5	 5.57	  1.19	  0.81
 137.0~ 139.5	  2.5	 -11.5	 5.55	  1.20	  0.82
 137.0~ 186.3	 49.3	 -10.5	 5.53	  2.04	  0.83
 137.1~ 186.2	 49.1	  -9.5	 5.53	  2.05	  0.87
 137.1~ 186.2	 49.1	  -8.5	 5.50	  2.04	  0.90
 137.2~ 186.1	 48.9	  -7.5	 5.49	  2.05	  0.96
 137.3~ 239.3	102.1	  -6.5	 5.48	  2.75	  0.76
 137.5~ 180.3	 42.9	  -0.5	 5.44	  1.95	  1.43
 137.5~ 239.1	101.7	  -1.5	 5.45	  2.82	  0.74
 137.5~ 239.2	101.8	  -4.5	 5.46	  2.79	  0.77
 137.5~ 239.2	101.8	  -3.5	 5.46	  2.81	  0.74
 137.5~ 239.2	101.8	  -2.5	 5.44	  2.81	  0.74
 137.5~ 239.3	101.9	  -5.5	 5.47	  2.77	  0.76
 178.5~ 181.4	  2.8	 -13.5	 5.59	  2.20	  1.15
 179.9~ 181.6	  1.6	 -12.5	 5.57	  2.74	  2.23
 180.1~ 182.6	  2.4	 -11.5	 5.55	  3.03	  2.45
 183.0~ 186.3	  3.3	 -11.5	 5.55	  2.75	  1.07
 184.6~ 186.4	  1.8	 -12.5	 5.57	  2.16	  1.04
 184.7~ 186.4	  1.7	 -13.5	 5.59	  2.11	  0.93
 221.9~ 222.7	  0.8	 -13.5	 5.59	  1.40	  0.88
 221.9~ 222.7	  0.8	  -9.5	 5.53	  1.49	  0.88
 221.9~ 222.8	  0.9	 -11.5	 5.55	  1.47	  0.87
 221.9~ 222.8	  0.9	 -10.5	 5.53	  1.53	  0.87
 221.9~ 222.9	  1.0	  -8.5	 5.50	  1.68	  0.86
 222.0~ 222.9	  0.9	  -7.5	 5.49	  1.73	  0.94
 222.4~ 224.0	  1.6	  -0.5	 5.44	  2.94	  1.73
 222.4~ 225.6	  3.2	  +0.5	 5.44	  3.64	  1.73
 223.0~ 225.3	  2.3	  +1.5	 5.45	  3.81	  2.75
 223.1~ 225.2	  2.1	  +2.5	 5.45	  3.83	  2.91
 223.2~ 225.1	  1.9	  +3.5	 5.46	  3.88	  3.12
 223.3~ 224.6	  1.3	  +4.5	 5.47	  3.87	  3.26
 224.9~ 226.5	  1.6	  -0.5	 5.44	  3.27	  2.65
 225.6~ 239.3	 13.7	  -7.5	 5.49	  1.95	  0.79
 226.1~ 239.3	 13.2	  -8.5	 5.50	  1.89	  0.77
 226.4~ 239.5	 13.0	  -9.5	 5.53	  1.86	  0.76
 226.7~ 239.5	 12.7	 -10.5	 5.53	  1.83	  0.75
 227.2~ 231.0	  3.8	  -0.5	 5.44	  1.93	  0.76
 227.4~ 239.5	 12.0	 -11.5	 5.55	  1.82	  0.73
 227.6~ 239.5	 11.8	 -12.5	 5.57	  1.92	  0.69
 227.9~ 239.5	 11.6	 -13.5	 5.59	  2.05	  0.69
 228.1~ 229.7	  1.5	  +0.5	 5.44	  1.80	  0.75
 228.4~ 229.5	  1.1	  +1.5	 5.45	  1.81	  1.02
 228.5~ 229.5	  1.0	  +2.5	 5.45	  1.74	  1.03
 228.5~ 229.5	  1.0	  +3.5	 5.46	  1.76	  1.10
 228.6~ 229.4	  0.8	  +5.5	 5.48	  1.77	  1.18
 228.6~ 229.5	  0.9	  +4.5	 5.47	  1.69	  1.12
 228.7~ 229.6	  0.9	  +6.5	 5.49	  1.62	  0.97
 228.7~ 229.6	  0.9	  +7.5	 5.50	  1.64	  0.98
 232.1~ 235.7	  3.6	  -0.5	 5.44	  1.99	  1.97
 236.1~ 237.6	  1.5	  -0.5	 5.44	  1.99	  1.97
 238.0~ 238.9	  0.9	  -0.5	 5.44	  1.98	  1.97
 247.9~ 258.5	 10.6	 -12.5	 5.57	  1.13	  0.81
 247.9~ 258.6	 10.7	 -13.5	 5.59	  1.13	  0.80
 248.0~ 255.8	  7.8	 -10.5	 5.53	  1.18	  0.86
 248.0~ 258.5	 10.5	 -11.5	 5.55	  1.15	  0.86
 248.1~ 255.6	  7.5	  -9.5	 5.53	  1.24	  0.88
 249.0~ 255.6	  6.5	  -8.5	 5.50	  1.23	  0.91
 249.1~ 250.3	  1.2	  -6.5	 5.48	  1.02	  0.93
 249.1~ 255.1	  6.0	  -7.5	 5.49	  1.28	  0.93
 249.2~ 250.0	  0.8	  -5.5	 5.47	  1.04	  0.97
 250.8~ 255.0	  4.1	  -6.5	 5.48	  1.45	  1.00
 250.9~ 254.8	  3.8	  -5.5	 5.47	  1.67	  1.05
 251.0~ 254.7	  3.6	  -3.5	 5.46	  1.71	  1.65
 251.0~ 254.7	  3.6	  -2.5	 5.44	  1.71	  1.42
 251.0~ 254.8	  3.7	  -4.5	 5.46	  1.68	  1.07
 251.2~ 254.6	  3.4	  -1.5	 5.45	  1.74	  1.70
 251.2~ 254.6	  3.3	  -0.5	 5.44	  1.75	  1.70
 256.3~ 258.5	  2.2	 -10.5	 5.53	  1.14	  0.84
 256.4~ 258.4	  2.0	  -9.5	 5.53	  1.19	  0.88
 256.7~ 258.4	  1.7	  -8.5	 5.50	  1.26	  0.97
 256.8~ 258.1	  1.3	  -7.5	 5.49	  1.38	  1.25
 264.1~ 267.4	  3.3	 -12.5	 5.57	  1.72	  0.74
 264.1~ 267.5	  3.4	 -13.5	 5.59	  1.68	  0.73
 264.2~ 265.0	  0.8	 -10.5	 5.53	  1.55	  1.22
 264.2~ 265.1	  0.9	 -11.5	 5.55	  1.58	  1.20
 264.3~ 265.6	  1.3	  -8.5	 5.50	  2.05	  1.33
 264.4~ 266.0	  1.6	  -7.5	 5.49	  2.28	  1.80
 264.4~ 266.3	  1.9	  -6.5	 5.48	  2.28	  1.74
 266.2~ 267.3	  1.1	  -5.5	 5.47	  1.87	  0.93
 266.4~ 267.3	  0.9	  -4.5	 5.46	  1.75	  0.95
 266.4~ 267.4	  1.0	 -11.5	 5.55	  1.56	  0.96
 266.5~ 267.4	  0.9	 -10.5	 5.53	  1.50	  0.91
 272.6~ 276.9	  4.2	 -11.5	 5.55	  2.05	  0.82
 272.6~ 277.0	  4.3	 -13.5	 5.59	  2.01	  0.77
 272.6~ 277.0	  4.3	 -12.5	 5.57	  1.99	  0.75
 272.7~ 274.3	  1.6	  -8.5	 5.50	  2.02	  0.94
 272.7~ 274.4	  1.7	  -9.5	 5.53	  1.99	  0.95
 272.7~ 274.9	  2.2	  -6.5	 5.48	  2.45	  0.97
 272.7~ 276.7	  3.9	 -10.5	 5.53	  2.10	  0.94
 272.8~ 276.5	  3.6	  -5.5	 5.47	  2.48	  1.13
 275.1~ 276.6	  1.5	  -9.5	 5.53	  2.10	  1.15
 275.2~ 276.5	  1.3	  -4.5	 5.46	  2.26	  1.41
 275.5~ 276.6	  1.1	  -8.5	 5.50	  1.94	  1.17
 275.6~ 276.5	  0.9	  -6.5	 5.48	  1.95	  1.33
 275.6~ 276.6	  1.0	  -7.5	 5.49	  1.87	  1.22
