=== t4_decel.py (两次减速窗逐帧) 2026-09-08 19:24 ===

=== GLOBAL(map) · A(第一次接近) [152.0~172.0s] ===
  t(s)   |v| robot_x robot_y ROI254 ROI253        254质心   全图254
 152.0  0.02    2.03    0.26    270    658 ( 3.68, 0.77)    6734
 153.0  0.02    2.03    0.26    274    655 ( 3.68, 0.77)    6758
 154.0  0.20    2.14    0.24    309    660 ( 3.71, 0.73)    7085
 155.0  0.20    2.32    0.24    317    675 ( 3.73, 0.73)    7385
 157.0  0.20    2.69    0.21    287    618 ( 3.81, 0.68)    7849
 158.0  0.20    2.86    0.17    244    644 ( 3.89, 0.59)    8094
 159.0  0.17    3.02    0.15    227    668 ( 3.96, 0.57)    8315
 161.0  0.00    3.12    0.15    228    669 ( 4.08, 0.49)    8652
 163.0  0.00    3.12    0.15    228    669 ( 4.08, 0.49)    8800
 164.0  0.01    3.12    0.15    228    669 ( 4.08, 0.49)    8830
 165.0  0.01    3.12    0.15    228    669 ( 4.08, 0.49)    8833
 167.0  0.01    3.12    0.15    228    669 ( 4.08, 0.49)    8857
 168.0  0.01    3.12    0.15    228    669 ( 4.08, 0.49)    8871
 169.0  0.01    3.12    0.15    228    669 ( 4.08, 0.49)    8870
 170.0  0.02    3.12    0.15    129    498 ( 4.20, 0.64)    6634
 171.0  0.10    3.21    0.12    147    535 ( 4.58, 0.31)    6963

=== LOCAL(odom) · A(第一次接近) [152.0~172.0s] ===
  t(s)   |v| robot_x robot_y ROI254 ROI253        254质心   全图254
 152.2  0.02    1.13    0.14    165    750 ( 2.89, 0.31)    1673
 152.8  0.02    1.13    0.14    164    749 ( 2.90, 0.30)    1678
 153.4  0.16    1.14    0.14    160    757 ( 2.89, 0.27)    1661
 154.0  0.20    1.23    0.14    175    751 ( 2.96, 0.12)    1709
 154.6  0.20    1.35    0.17    176    775 ( 2.98, 0.23)    1840
 155.2  0.20    1.47    0.16    175    788 ( 2.98, 0.22)    1946
 155.8  0.20    1.58    0.19    175    783 ( 2.99, 0.21)    1996
 156.5  0.20    1.70    0.20    174    778 ( 3.02, 0.20)    2034
 157.1  0.20    1.82    0.22    171    763 ( 3.04, 0.33)    2067
 157.6  0.20    1.93    0.23    170    741 ( 3.08, 0.29)    2199
 158.3  0.20    2.05    0.25    176    741 ( 3.17, 0.21)    2332
 158.8  0.18    2.15    0.26    186    730 ( 3.29, 0.23)    2484
 159.4  0.14    2.25    0.29    194    716 ( 3.34, 0.21)    2622
 160.0  0.00    2.30    0.30    194    691 ( 3.35, 0.29)    2757
 160.6  0.00    2.30    0.30    194    693 ( 3.36, 0.28)    2777
 161.2  0.00    2.30    0.30    195    693 ( 3.36, 0.28)    2797
 161.8  0.00    2.30    0.30    197    693 ( 3.36, 0.27)    2850
 162.4  0.00    2.30    0.30    196    694 ( 3.36, 0.28)    2892
 163.0  0.00    2.30    0.30    195    692 ( 3.36, 0.28)    2915
 163.6  0.00    2.30    0.30    197    691 ( 3.36, 0.28)    2926
 164.2  0.01    2.30    0.30    197    691 ( 3.36, 0.28)    2927
 164.8  0.01    2.30    0.30    197    692 ( 3.36, 0.28)    2888
 165.4  0.01    2.30    0.30    199    691 ( 3.36, 0.28)    2874
 166.0  0.01    2.30    0.30    198    691 ( 3.36, 0.28)    2869
 166.6  0.01    2.30    0.30    199    691 ( 3.36, 0.27)    2871
 167.2  0.01    2.30    0.30    199    691 ( 3.36, 0.27)    2866
 167.8  0.01    2.30    0.30    198    691 ( 3.36, 0.28)    2876
 168.4  0.01    2.30    0.30    197    692 ( 3.36, 0.28)    2875
 169.0  0.01    2.30    0.30    199    691 ( 3.36, 0.28)    2868
 169.6  0.01    2.30    0.30    199    691 ( 3.36, 0.28)    2865
 170.2  0.07    2.30    0.30    200    695 ( 3.38, 0.26)    2876
 170.8  0.11    2.36    0.31    191    696 ( 3.42, 0.28)    2903
 171.4  0.10    2.42    0.29    190    710 ( 3.48, 0.19)    2903

=== GLOBAL(map) · B(第二次接近) [170.0~193.0s] ===
  t(s)   |v| robot_x robot_y ROI254 ROI253        254质心   全图254
 170.0  0.02    3.12    0.15    129    498 ( 4.20, 0.64)    6634
 171.0  0.10    3.21    0.12    147    535 ( 4.58, 0.31)    6963
 172.0  0.09    3.27    0.07    167    543 ( 4.79, 0.11)    7215
 174.0  0.20    3.49    0.08    316    515 ( 5.29, 0.13)    7681
 176.0  0.19    3.82    0.01    445    479 ( 5.66, 0.01)    8155
 178.0  0.00    4.04   -0.06    414    549 ( 5.81,-0.08)    8534
 180.0  0.00    4.04   -0.06    420    617 ( 5.80,-0.07)    8709
 182.0  0.00    4.04   -0.06    430    676 ( 5.79,-0.05)    8777
 183.0  0.01    4.04   -0.06    428    667 ( 5.80,-0.06)    8804
 184.0  0.01    4.04   -0.06    427    668 ( 5.80,-0.06)    8830
 186.0  0.01    4.04   -0.06    428    667 ( 5.80,-0.06)    8866
 187.0  0.01    4.04   -0.06    430    665 ( 5.80,-0.05)    8888
 189.0  0.01    4.04   -0.06    429    666 ( 5.79,-0.06)    8889
 191.0  0.02    4.04   -0.06    429    666 ( 5.79,-0.06)    8906
 192.0  0.02    4.04   -0.06    430    665 ( 5.80,-0.05)    8919

=== LOCAL(odom) · B(第二次接近) [170.0~193.0s] ===
  t(s)   |v| robot_x robot_y ROI254 ROI253        254质心   全图254
 170.2  0.07    2.30    0.30    200    695 ( 3.38, 0.26)    2876
 170.8  0.11    2.36    0.31    191    696 ( 3.42, 0.28)    2903
 171.4  0.10    2.42    0.29    190    710 ( 3.48, 0.19)    2903
 172.0  0.09    2.48    0.28    198    702 ( 3.62, 0.21)    2972
 172.6  0.12    2.53    0.29    220    684 ( 3.82, 0.20)    3037
 173.2  0.15    2.60    0.31    235    663 ( 4.01, 0.27)    3021
 173.8  0.19    2.69    0.37    290    563 ( 4.22, 0.32)    3156
 174.4  0.20    2.80    0.38    308    540 ( 4.48, 0.28)    3149
 175.0  0.20    2.92    0.37    335    522 ( 4.72, 0.27)    3165
 175.6  0.20    3.03    0.38    324    537 ( 4.86, 0.23)    3207
 176.3  0.19    3.14    0.41    337    534 ( 4.99, 0.28)    3431
 176.9  0.19    3.25    0.42    337    565 ( 5.08, 0.30)    3451
 177.4  0.13    3.34    0.43    343    563 ( 5.10, 0.30)    3428
 178.0  0.00    3.35    0.43    340    566 ( 5.10, 0.30)    3477
 178.6  0.00    3.35    0.43    342    568 ( 5.10, 0.30)    3538
 179.2  0.00    3.35    0.43    343    563 ( 5.10, 0.30)    3545
 179.8  0.00    3.35    0.43    342    574 ( 5.10, 0.30)    3495
 180.4  0.00    3.35    0.43    359    698 ( 5.06, 0.32)    3526
 181.0  0.00    3.35    0.43    363    727 ( 5.05, 0.34)    3524
 181.6  0.00    3.35    0.43    357    676 ( 5.07, 0.32)    3518
 182.2  0.01    3.35    0.43    352    624 ( 5.09, 0.31)    3531
 182.8  0.01    3.35    0.43    345    572 ( 5.11, 0.30)    3531
 183.4  0.01    3.35    0.43    345    572 ( 5.11, 0.30)    3537
 184.0  0.01    3.35    0.43    347    570 ( 5.11, 0.30)    3537
 184.6  0.01    3.35    0.43    348    569 ( 5.11, 0.30)    3544
 185.2  0.01    3.35    0.43    347    570 ( 5.11, 0.30)    3545
 185.8  0.01    3.35    0.43    348    569 ( 5.11, 0.30)    3556
 186.4  0.01    3.35    0.43    350    571 ( 5.10, 0.30)    3553
 187.0  0.01    3.35    0.43    348    569 ( 5.11, 0.30)    3553
 187.6  0.01    3.35    0.43    348    569 ( 5.11, 0.30)    3556
 188.2  0.01    3.35    0.43    348    569 ( 5.11, 0.30)    3553
 188.8  0.01    3.35    0.43    349    572 ( 5.11, 0.30)    3568
 189.4  0.01    3.35    0.43    349    572 ( 5.11, 0.30)    3568
 190.0  0.02    3.35    0.43    348    569 ( 5.11, 0.30)    3555
 190.6  0.02    3.35    0.43    349    568 ( 5.11, 0.30)    3565
 191.2  0.02    3.35    0.43    349    568 ( 5.11, 0.30)    3567
 191.8  0.02    3.35    0.43    346    571 ( 5.11, 0.30)    3555
 192.4  0.02    3.35    0.43    349    572 ( 5.11, 0.30)    3578
 193.0  0.02    3.35    0.43    348    569 ( 5.11, 0.30)    3579

=== t5_clearevent.py (169-175 帧间diff) ===
帧数 8
t=165.03s  254=8833  253=27869  0=6110  255=455914
t=167.03s  254=8857  253=27856  0=6109  255=455904  |  Δ: 254消失22 新增46  253消失49 新增36
t=168.03s  254=8871  253=27841  0=6101  255=455913  |  Δ: 254消失17 新增31  253消失48 新增33
t=169.04s  254=8870  253=27831  0=6115  255=455910  |  Δ: 254消失24 新增23  253消失40 新增30
t=170.04s  254=6634  253=27060  0=2770  255=462262  |  Δ: 254消失2260 新增24  253消失2893 新增2122  消失bbox x[-2.7,6.6] y[-3.6,6.7] 共2260格  箱窗(4.08,0.49±0.7)消失=119
t=171.04s  254=6963  253=27278  0=3091  255=461394  |  Δ: 254消失62 新增391  253消失523 新增741
t=172.04s  254=7215  253=27609  0=3399  255=460503  |  Δ: 254消失44 新增296  253消失379 新增710
t=174.05s  254=7681  253=28345  0=4149  255=458551  |  Δ: 254消失95 新增561  253消失571 新增1307

=== t6_origin_tf.py (origin/tf 核查) ===
=== costmap origin/size 逐帧（165-175s）===
-- /global_costmap/costmap_raw --
  t=165.03s origin=(  -9.67, -22.12) size=538x927 res=0.05 | 254=8833 253=27869 0=6110 255=455914
  t=167.03s origin=(  -9.67, -22.12) size=538x927 res=0.05 | 254=8857 253=27856 0=6109 255=455904
  t=168.03s origin=(  -9.67, -22.12) size=538x927 res=0.05 | 254=8871 253=27841 0=6101 255=455913
  t=169.04s origin=(  -9.67, -22.12) size=538x927 res=0.05 | 254=8870 253=27831 0=6115 255=455910
  t=170.04s origin=(  -9.67, -22.12) size=538x927 res=0.05 | 254=6634 253=27060 0=2770 255=462262
  t=171.04s origin=(  -9.67, -22.12) size=538x927 res=0.05 | 254=6963 253=27278 0=3091 255=461394
  t=172.04s origin=(  -9.67, -22.12) size=538x927 res=0.05 | 254=7215 253=27609 0=3399 255=460503
  t=174.05s origin=(  -9.67, -22.12) size=538x927 res=0.05 | 254=7681 253=28345 0=4149 255=458551
-- /local_costmap/costmap_raw --
  t=165.40s origin=(  -0.70,  -2.70) size=120x120 res=0.05 | 254=2874 253=6329 0=5197 255=0
  t=166.00s origin=(  -0.70,  -2.70) size=120x120 res=0.05 | 254=2869 253=6330 0=5201 255=0
  t=166.60s origin=(  -0.70,  -2.70) size=120x120 res=0.05 | 254=2871 253=6339 0=5190 255=0
  t=167.20s origin=(  -0.70,  -2.70) size=120x120 res=0.05 | 254=2866 253=6335 0=5199 255=0
  t=167.80s origin=(  -0.70,  -2.70) size=120x120 res=0.05 | 254=2876 253=6330 0=5194 255=0
  t=168.40s origin=(  -0.70,  -2.70) size=120x120 res=0.05 | 254=2875 253=6335 0=5190 255=0
  t=169.00s origin=(  -0.70,  -2.70) size=120x120 res=0.05 | 254=2868 253=6351 0=5181 255=0
  t=169.60s origin=(  -0.70,  -2.70) size=120x120 res=0.05 | 254=2865 253=6348 0=5187 255=0
  t=170.20s origin=(  -0.70,  -2.70) size=120x120 res=0.05 | 254=2876 253=6349 0=5175 255=0
  t=170.80s origin=(  -0.65,  -2.70) size=120x120 res=0.05 | 254=2903 253=6423 0=5074 255=0
  t=171.42s origin=(  -0.60,  -2.70) size=120x120 res=0.05 | 254=2903 253=6484 0=5013 255=0
  t=172.02s origin=(  -0.55,  -2.70) size=120x120 res=0.05 | 254=2972 253=6403 0=5025 255=0
  t=172.60s origin=(  -0.50,  -2.70) size=120x120 res=0.05 | 254=3037 253=6398 0=4965 255=0
  t=173.20s origin=(  -0.40,  -2.70) size=120x120 res=0.05 | 254=3021 253=6455 0=4924 255=0
  t=173.83s origin=(  -0.35,  -2.65) size=120x120 res=0.05 | 254=3156 253=6371 0=4873 255=0
  t=174.44s origin=(  -0.25,  -2.65) size=120x120 res=0.05 | 254=3149 253=6420 0=4831 255=0
  t=175.04s origin=(  -0.10,  -2.65) size=120x120 res=0.05 | 254=3165 253=6259 0=4976 255=0
=== map->odom tf 167-172s（0.1s 步，显示变化点）===
  t= 167.10s  map->odom=(0.8138,0.3725) yaw=-13.14°
  t= 171.59s  map->odom=(0.7936,0.3642) yaw=-13.31°
  （共 49 条 ≈ 9.8Hz）

=== plan/goal 时间序 167-172.5s（t7 补充，证实恢复链） ===
t=169.13s  goal n=0  goal=(4.30,-0.05)
t=170.04s  plan n=47  end=(4.30,-0.05)
t=171.07s  plan n=43  end=(4.30,-0.05)
t=172.11s  plan n=40  end=(4.30,-0.05)
