# t(s)	scanN	front_min(m)	all_min(m)	raw254	raw253	odom_x	odom_y
   0	 10	   0.724	     nan	 543	5096	   0.000	   0.000
   1	 10	   0.736	     nan	 540	4956	   0.000	   0.000
   2	 10	   0.752	     nan	 548	4957	   0.000	   0.000
   3	 10	   0.736	     nan	 533	5071	   0.000	   0.000
   4	 10	   0.720	     nan	 540	4952	   0.000	   0.000
   5	 10	   0.760	     nan	 531	4950	   0.000	   0.000
   6	 10	   0.736	     nan	 541	4979	   0.000	   0.000
   7	 10	   0.752	     nan	 543	4974	   0.000	   0.000
   8	  9	   0.756	     nan	 547	4976	   0.000	   0.000
   9	 10	   0.752	     nan	 541	4932	   0.000	   0.000
  10	 10	   0.736	     nan	 532	5103	   0.000	   0.000
  11	 10	   0.726	     nan	 547	4941	   0.000	   0.000
  12	 10	   0.750	     nan	 541	4963	   0.000	   0.000
  13	 10	   0.754	     nan	 546	4949	   0.000	   0.000
  14	 10	   0.750	     nan	 542	4948	   0.000	   0.000
  15	 10	   0.736	     nan	 544	4956	   0.000	   0.000
  16	 10	   0.750	     nan	 547	5114	   0.000	   0.000
  17	 10	   0.762	     nan	 536	4948	   0.000	   0.000
  18	 10	   0.766	     nan	 541	4983	   0.000	   0.000
  19	 10	   0.750	     nan	 538	4947	   0.000	   0.000
  20	  9	   0.750	     nan	 549	4986	   0.000	   0.000
  21	 10	   0.750	     nan	 559	4919	   0.000	   0.000
  22	 10	   0.714	     nan	 551	4960	   0.000	   0.000
  23	 10	   0.754	     nan	 548	4977	   0.000	   0.000
  24	 10	   0.750	     nan	 548	5103	   0.000	   0.000
  25	 10	   0.754	     nan	 543	4968	   0.000	   0.000
  26	 10	   0.742	     nan	 545	4970	   0.000	   0.000
  27	 10	   0.716	     nan	 543	5176	   0.000	   0.000
  28	 10	   0.748	     nan	 548	4953	   0.000	   0.000
  29	 10	   0.748	     nan	 546	4965	   0.000	   0.000
  30	 10	   0.732	     nan	 542	5069	   0.000	   0.000
  31	  9	   0.748	     nan	 535	5085	   0.000	   0.000
  32	 10	   0.752	     nan	 540	4965	   0.000	   0.000
  33	 10	   0.752	     nan	 534	5057	   0.000	   0.000
  34	 10	   0.736	     nan	 555	4975	   0.000	   0.000
  35	 10	   0.736	     nan	 556	5065	   0.000	   0.000
  36	 10	   0.748	     nan	 550	4928	   0.000	   0.000
  37	 10	   0.748	     nan	 565	4964	   0.000	   0.000
  38	 10	   0.748	     nan	 568	5057	   0.000	   0.000
  39	 10	   0.740	     nan	 563	4989	   0.000	   0.000
  40	 10	   0.752	     nan	 557	4971	   0.000	   0.000
  41	 10	   0.748	     nan	 545	4939	   0.000	   0.000
  42	 10	   0.752	     nan	 540	4956	   0.000	   0.000
  43	  9	   0.752	     nan	 546	4957	   0.000	   0.000
  44	 10	   0.756	     nan	 539	5070	   0.000	   0.000
  45	 10	   0.748	     nan	 542	4993	   0.000	   0.000
  46	 10	   0.752	     nan	 543	5065	   0.000	   0.000
  47	 10	   0.740	     nan	 544	4961	   0.000	   0.000
  48	 10	   0.732	     nan	 544	4972	   0.000	   0.000
  49	 10	   0.756	     nan	 543	4955	   0.000	   0.000
  50	 10	   0.724	     nan	 548	4968	   0.000	   0.000
  51	 10	   0.748	     nan	 545	4970	   0.000	   0.000
  52	 10	   0.748	     nan	 546	4996	   0.000	   0.000
  53	 10	   0.738	     nan	 540	4994	   0.000	   0.000
  54	 10	   0.738	     nan	 546	4984	   0.000	   0.000
  55	  9	   0.746	     nan	 551	5093	   0.000	   0.000
  56	 10	   0.754	     nan	 548	4989	   0.000	   0.000
  57	 10	   0.746	     nan	 552	4988	   0.000	   0.000
  58	 10	   0.746	     nan	 555	4995	   0.000	   0.000
  59	 10	   0.738	     nan	 542	4999	   0.000	   0.000
  60	 10	   0.746	     nan	 554	5078	   0.000	   0.000
  61	 10	   0.746	     nan	 543	5002	   0.000	   0.000
  62	 10	   0.738	     nan	 548	5020	   0.000	   0.000
  63	 10	   0.762	     nan	 551	4994	   0.000	   0.000
  64	 10	   0.746	     nan	 561	4988	   0.000	   0.000
  65	 10	   0.786	     nan	 558	4997	   0.000	   0.000
  66	  9	   0.746	     nan	 547	4984	   0.000	   0.000
  67	 10	   0.722	     nan	 560	4990	   0.000	   0.000
  68	 10	   0.750	     nan	 555	4989	   0.000	   0.000
  69	 10	   0.762	     nan	 561	4998	   0.000	   0.000
  70	 10	   0.744	     nan	 560	5072	   0.000	   0.000
  71	 10	   0.744	     nan	 551	5006	   0.000	   0.000
  72	 10	   0.760	     nan	 548	4957	   0.000	   0.000
  73	 10	   0.760	     nan	 565	4995	   0.000	   0.000
  74	 10	   0.748	     nan	 558	4996	   0.000	   0.000
  75	 10	   0.730	     nan	 559	5003	   0.000	   0.000
  76	 10	   0.760	     nan	 555	4972	   0.000	   0.000
  77	 10	   0.752	     nan	 560	4991	   0.000	   0.000
  78	  9	   0.732	     nan	 559	4989	   0.000	   0.000
  79	 10	   0.752	     nan	 566	5123	   0.000	   0.000
  80	 10	   0.744	     nan	 550	4994	   0.000	   0.000
  81	 10	   0.744	     nan	 568	5003	   0.000	   0.000
  82	 10	   0.732	     nan	 555	4989	   0.000	   0.000
  83	 10	   0.764	     nan	 567	4991	   0.000	   0.000
  84	 10	   0.748	     nan	 557	5112	   0.000	   0.000
  85	 10	   0.736	     nan	 556	5070	   0.000	   0.000
  86	 10	   0.744	     nan	 565	5007	   0.000	   0.000
  87	 10	   0.732	     nan	 570	4987	   0.000	   0.000
  88	 10	   0.744	     nan	 554	4979	   0.000	   0.000
  89	 10	   0.744	     nan	 549	4974	   0.000	   0.000
  90	  9	   0.748	     nan	 551	5010	   0.000	   0.000
  91	 10	   0.734	     nan	 555	5004	   0.000	   0.000
  92	 10	   0.742	     nan	 544	5000	   0.000	   0.000
  93	 10	   0.758	     nan	 562	5124	   0.000	   0.000
  94	 10	   0.750	     nan	 554	4983	   0.000	   0.000
  95	 10	   0.714	     nan	 556	4961	   0.000	   0.000
  96	 10	   0.742	     nan	 561	4987	   0.000	   0.000
  97	 10	   0.746	     nan	 562	4983	   0.000	   0.000
  98	 10	   0.742	     nan	 556	4991	   0.000	   0.000
  99	 10	   0.742	     nan	 563	5007	   0.000	   0.000
 100	 10	   0.746	     nan	 556	5012	   0.000	   0.000
 101	  9	   0.742	     nan	 558	5004	   0.000	   0.000
 102	 10	   0.758	     nan	 556	4967	   0.000	   0.000
 103	 10	   0.726	     nan	 570	4997	   0.000	   0.000
 104	 10	   0.742	     nan	 565	5106	   0.000	   0.000
 105	 10	   0.746	     nan	 563	4955	   0.000	   0.000
 106	 10	   0.734	     nan	 561	5002	   0.000	   0.000
 107	 10	   0.702	     nan	 559	4987	   0.000	   0.000
 108	 10	   0.742	     nan	 568	5021	   0.000	   0.000
 109	 10	   0.718	     nan	 608	5201	   0.000	   0.000
 110	 10	   0.738	     nan	 586	5246	   0.000	   0.000
 111	 10	   0.742	     nan	 592	5263	   0.000	   0.000
 112	 10	   0.742	     nan	 614	5225	   0.000	   0.000
 113	  9	   0.502	     nan	 590	5298	   0.000	   0.000
 114	 10	   0.602	     nan	 532	5049	   0.000	   0.000
 115	 10	   0.740	     nan	 529	4801	   0.000	   0.000
 116	 10	   0.748	     nan	 532	4770	   0.000	   0.000
 117	 10	   0.748	     nan	 516	4783	   0.000	   0.000
 118	 10	   0.744	     nan	 580	5120	   0.000	   0.000
 119	 10	   0.744	     nan	 581	5111	   0.000	   0.000
 120	 10	   0.744	     nan	 556	5120	   0.000	   0.000
 121	 10	   0.620	     nan	 601	5368	   0.000	   0.000
 122	 10	   0.500	     nan	 528	4905	   0.000	   0.000
 123	 10	   0.740	     nan	 553	4942	   0.000	   0.000
 124	 10	   0.724	     nan	 535	4949	   0.000	   0.000
 125	  9	   0.724	     nan	 545	5010	   0.000	   0.000
 126	 10	   0.740	     nan	 581	5181	   0.000	   0.000
 127	 10	   0.768	     nan	 587	5130	   0.000	   0.000
 128	 10	   0.754	     nan	 575	5098	   0.000	   0.000
 129	 10	   0.724	     nan	 564	5082	   0.000	   0.000
 130	 10	   0.738	     nan	 532	5150	   0.000	   0.000
 131	 10	   0.746	     nan	 544	5045	   0.000	   0.000
 132	 10	   0.738	     nan	 547	5111	   0.000	   0.000
 133	 10	   0.778	     nan	 545	4997	   0.000	   0.000
 134	 10	   0.778	     nan	 550	4985	   0.000	   0.000
 135	 10	   0.502	     nan	 545	4952	   0.000	   0.000
 136	 10	   0.526	     nan	 566	5115	   0.000	   0.000
 137	  9	   0.746	     nan	 549	4985	   0.000	   0.000
 138	 10	   0.722	     nan	 569	5293	   0.000	   0.000
 139	 10	   0.500	     nan	 563	5257	   0.000	   0.000
 140	 10	   0.742	     nan	 562	5189	   0.000	   0.000
 141	 10	   0.730	     nan	 572	5355	   0.000	   0.000
 142	 10	   0.738	     nan	 558	5300	   0.000	   0.000
 143	 10	   0.778	     nan	 576	5148	   0.000	   0.000
 144	 10	   0.742	     nan	 584	5166	   0.000	   0.000
 145	 10	   0.746	     nan	 599	5196	   0.000	   0.000
 146	 10	   0.754	     nan	 590	5155	   0.000	   0.000
 147	 10	   0.726	     nan	 599	5164	   0.000	   0.000
 148	 10	   0.738	     nan	 578	5063	   0.000	   0.000
 149	  9	   0.754	     nan	 593	5091	   0.000	   0.000
 150	 10	   0.738	     nan	 576	5110	   0.000	   0.000
 151	 10	   0.746	     nan	 585	5111	   0.000	   0.000
 152	 10	   0.738	     nan	 593	5193	   0.000	   0.000
 153	 10	   0.762	     nan	 589	5140	   0.000	   0.000
 154	 10	   0.746	     nan	 586	5202	   0.000	   0.000
 155	 10	   0.722	     nan	 566	5131	   0.000	   0.000
 156	 10	   0.746	     nan	 609	5446	   0.000	   0.000
 157	 10	   0.738	     nan	 561	5273	   0.000	   0.000
 158	 10	   0.734	     nan	 552	5016	   0.000	   0.000
 159	 10	   0.722	     nan	 555	5054	   0.000	   0.000
 160	  9	   0.736	     nan	 548	4992	   0.000	   0.000
 161	 10	   0.776	     nan	 557	5059	   0.000	   0.000
 162	 10	   0.744	     nan	 545	5142	   0.000	   0.000
 163	 10	   0.760	     nan	 561	5272	   0.000	   0.000
 164	 10	   0.776	     nan	 561	5241	   0.000	   0.000
 165	 10	   0.752	     nan	 572	5276	   0.000	   0.000
 166	 10	   0.748	     nan	 572	5303	   0.000	   0.000
 167	 10	   0.720	     nan	 581	5474	   0.000	   0.000
 168	 10	   0.704	     nan	 571	5207	   0.000	   0.000
 169	 10	   0.756	     nan	 585	5269	   0.000	   0.000
 170	 10	   0.736	     nan	 586	5170	   0.000	   0.000
 171	 10	   0.776	     nan	 587	5177	   0.000	   0.000
 172	  9	   0.748	     nan	 587	5183	   0.000	   0.000
 173	 10	   0.756	     nan	 591	5147	   0.000	   0.000
 174	 10	   0.752	     nan	 587	5189	   0.000	   0.000
 175	 10	   0.724	     nan	 595	5215	   0.000	   0.000
 176	 10	   0.752	     nan	 616	5247	   0.000	   0.000
 177	 10	   0.704	     nan	 587	5254	   0.000	   0.000
 178	 10	   0.514	     nan	 576	5265	   0.000	   0.000
 179	 10	   0.774	     nan	 580	5095	   0.000	   0.000
 180	 10	   0.750	     nan	 567	5067	   0.000	   0.000
 181	 10	   0.734	     nan	 545	4759	   0.000	   0.000
 182	 10	   0.754	     nan	 556	4763	   0.000	   0.000
 183	 10	   0.738	     nan	 543	4786	   0.000	   0.000
 184	  9	   0.742	     nan	 554	4851	   0.000	   0.000
 185	 10	   0.754	     nan	 586	5240	   0.000	   0.000
 186	 10	   0.502	     nan	 598	5388	   0.000	   0.000
 187	 10	   0.750	     nan	 563	5033	   0.000	   0.000
 188	 10	   0.754	     nan	 558	5006	   0.000	   0.000
 189	 10	   0.738	     nan	 571	5063	   0.000	   0.000
 190	 10	   0.750	     nan	 573	5260	   0.000	   0.000
 191	 10	   0.754	     nan	 583	5159	   0.000	   0.000
 192	 10	   0.742	     nan	 588	5090	   0.000	   0.000
 193	 10	   0.742	     nan	 570	5086	   0.000	   0.000
 194	 10	   0.734	     nan	 550	4951	   0.000	   0.000
 195	  9	   0.742	     nan	 554	4915	   0.000	   0.000
 196	 10	   0.748	     nan	 548	4802	   0.000	   0.000
 197	 10	   0.772	     nan	 546	4772	   0.000	   0.000
 198	 10	   0.752	     nan	 557	4980	   0.000	   0.000
 199	 10	   0.752	     nan	 560	5022	   0.000	   0.000
 200	 10	   0.740	     nan	 577	5060	   0.000	   0.000
 201	 10	   0.732	     nan	 566	4921	   0.000	   0.000
 202	 10	   0.732	     nan	 563	4914	   0.000	   0.000
 203	 10	   0.732	     nan	 572	4971	   0.000	   0.000
 204	 10	   0.748	     nan	 580	4959	   0.000	   0.000
 205	 10	   0.772	     nan	 566	4958	   0.000	   0.000
 206	 10	   0.732	     nan	 575	4921	   0.000	   0.000
 207	  9	   0.748	     nan	 573	4947	   0.000	   0.000
 208	 10	   0.744	     nan	 569	4962	   0.000	   0.000
 209	 10	   0.716	     nan	 572	4936	   0.000	   0.000
 210	 10	   0.744	     nan	 570	4940	   0.000	   0.000
 211	 10	   0.716	     nan	 591	4996	   0.000	   0.000
 212	 10	   0.736	     nan	 576	4987	   0.000	   0.000
 213	 10	   0.748	     nan	 578	4962	   0.000	   0.000
 214	 10	   0.748	     nan	 573	4982	   0.000	   0.000
 215	 10	   0.748	     nan	 580	4982	   0.000	   0.000
 216	 10	   0.740	     nan	 584	4989	   0.000	   0.000
 217	  9	   0.740	     nan	 586	5013	   0.000	   0.000
 218	 11	   0.772	     nan	 582	5014	   0.000	   0.000
 219	  9	   0.700	     nan	 627	5088	   0.000	   0.000
 220	 10	   0.748	     nan	 568	5032	   0.000	   0.000
 221	 10	   0.502	     nan	 565	5072	   0.000	   0.000
 222	 10	   0.748	     nan	 559	5020	   0.000	   0.000
 223	 10	   0.746	     nan	 549	4807	   0.000	   0.000
 224	 10	   0.740	     nan	 554	4808	   0.000	   0.000
 225	 10	   0.746	     nan	 550	4812	   0.000	   0.000
 226	 10	   0.754	     nan	 585	5089	   0.000	   0.000
 227	 10	   0.770	     nan	 616	5183	   0.000	   0.000
 228	 10	   0.770	     nan	 661	5304	   0.000	   0.000
 229	 10	   0.502	     nan	 680	5662	   0.000	   0.000
 230	  9	   0.502	     nan	 667	5429	   0.000	   0.000
 231	 10	   0.758	     nan	 649	5467	   0.000	   0.000
 232	 10	   0.770	     nan	 675	5687	   0.000	   0.000
 233	 10	   0.730	     nan	 666	5542	   0.000	   0.000
 234	 10	   0.770	     nan	 672	5553	   0.000	   0.000
 235	 10	   0.734	     nan	 666	5573	   0.000	   0.000
 236	 10	   0.738	     nan	 659	5615	   0.000	   0.000
 237	 10	   0.542	     nan	 674	5496	   0.000	   0.000
 238	 10	   0.514	     nan	 667	5584	   0.000	   0.000
 239	 10	   0.628	     nan	 658	5466	   0.000	   0.000
 240	 10	   0.500	     nan	 594	5112	   0.000	   0.000
 241	 10	   0.748	     nan	 564	5187	   0.000	   0.000
 242	  9	   0.748	     nan	 566	4986	   0.000	   0.000
 243	 10	   0.768	     nan	 592	5072	   0.000	   0.000
 244	 10	   0.744	     nan	 579	5062	   0.000	   0.000
 245	 10	   0.744	     nan	 569	5173	   0.000	   0.000
 246	 10	   0.752	     nan	 577	4982	   0.000	   0.000
 247	 10	   0.500	     nan	 568	4978	   0.000	   0.000
 248	 10	   0.768	     nan	 560	5036	   0.000	   0.000
 249	 10	   0.768	     nan	 596	5213	   0.000	   0.000
 250	 10	   0.740	     nan	 631	5273	   0.000	   0.000
 251	 10	   0.768	     nan	 595	5227	   0.000	   0.000
 252	 10	   0.768	     nan	 592	5231	   0.000	   0.000
 253	 10	   0.748	     nan	 613	5259	   0.000	   0.000
 254	  9	   0.768	     nan	 604	5244	   0.000	   0.000
 255	 10	   0.728	     nan	 621	5261	   0.000	   0.000
 256	 10	   0.736	     nan	 577	5200	   0.000	   0.000
 257	 10	   0.766	     nan	 577	5153	   0.000	   0.000
 258	 10	   0.500	     nan	 603	5321	   0.000	   0.000
 259	 10	   0.636	     nan	 566	4994	   0.000	   0.000
 260	 10	   0.744	     nan	 568	5017	   0.000	   0.000
 261	 10	   0.766	     nan	 583	5098	   0.000	   0.000
 262	 10	   0.736	     nan	 569	5056	   0.000	   0.000
 263	 10	   0.500	     nan	 578	4997	   0.000	   0.000
 264	  9	   0.730	     nan	 579	5273	   0.000	   0.000
 265	 10	   0.766	     nan	 575	5118	   0.000	   0.000
 266	 10	   0.734	     nan	 578	5164	   0.000	   0.000
 267	 10	   0.500	     nan	 601	5313	   0.000	   0.000
 268	 10	   0.750	     nan	 568	4964	   0.000	   0.000
 269	 10	   0.766	     nan	 566	4997	   0.000	   0.000
 270	 10	   0.754	     nan	 582	5152	   0.000	   0.000
 271	 10	   0.734	     nan	 574	5137	   0.000	   0.000
 272	 10	   0.510	     nan	 557	4980	   0.000	   0.000
 273	 10	   0.734	     nan	 567	5181	   0.000	   0.000
 274	 10	   0.726	     nan	 573	5041	   0.000	   0.000
 275	 10	   0.764	     nan	 569	5048	   0.000	   0.000
 276	 10	   0.586	     nan	 649	5519	   0.000	   0.000
 277	  9	   0.502	     nan	 578	5223	   0.000	   0.000
 278	 10	   0.740	     nan	 587	5012	   0.000	   0.000
 279	 10	   0.764	     nan	 560	4996	   0.000	   0.000
 280	 10	   0.702	     nan	 580	5059	   0.000	   0.000
 281	 10	   0.764	     nan	 587	5038	   0.000	   0.000
 282	 10	   0.728	     nan	 577	5032	   0.000	   0.000
 283	  5	   0.764	     nan	 588	5027	   0.000	   0.000
